loss,accuracy,val_loss,val_accuracy,lr
0.3617743253707886,0.3125,0.21090999245643616,0.7083333134651184,9.999999747378752e-05
0.22200794517993927,0.7083333134651184,0.2355058789253235,0.7083333134651184,9.999999747378752e-05
0.24082708358764648,0.7083333134651184,0.2426207810640335,0.7083333134651184,9.999999747378752e-05
0.2397327423095703,0.7083333134651184,0.22522425651550293,0.7083333134651184,9.999999747378752e-05
0.21991722285747528,0.7083333134651184,0.20529033243656158,0.7083333134651184,9.999999747378752e-05
0.20252950489521027,0.7083333134651184,0.2054157257080078,0.7083333134651184,9.999999747378752e-05
0.2059391736984253,0.7083333134651184,0.2055990993976593,0.7083333134651184,9.999999747378752e-05
0.2053777426481247,0.7083333134651184,0.20335859060287476,0.7083333134651184,9.999999747378752e-05
0.20355980098247528,0.7083333134651184,0.2038392275571823,0.7083333134651184,9.999999747378752e-05
0.20391090214252472,0.7083333134651184,0.20349153876304626,0.7083333134651184,9.999999747378752e-05
0.20320649445056915,0.7083333134651184,0.2027580589056015,0.7083333134651184,9.999999747378752e-05
0.20382338762283325,0.7083333134651184,0.2030186802148819,0.7083333134651184,9.999999747378752e-05
0.20257264375686646,0.7083333134651184,0.20229528844356537,0.7083333134651184,9.999999747378752e-05
0.20252640545368195,0.7083333134651184,0.20227541029453278,0.7083333134651184,9.999999747378752e-05
0.20290999114513397,0.7083333134651184,0.20202995836734772,0.7083333134651184,9.999999747378752e-05
0.20177485048770905,0.7083333134651184,0.2016417682170868,0.7083333134651184,9.999999747378752e-05
0.202186718583107,0.7083333134651184,0.201640322804451,0.7083333134651184,9.999999747378752e-05
0.20528554916381836,0.7083333134651184,0.2024262398481369,0.7083333134651184,9.999999747378752e-05
0.20203782618045807,0.7083333134651184,0.201280415058136,0.7083333134651184,9.999999747378752e-05
0.20155878365039825,0.7083333134651184,0.2017194777727127,0.7083333134651184,9.999999747378752e-05
0.20242023468017578,0.7083333134651184,0.2005912810564041,0.7083333134651184,9.999999747378752e-05
0.20066452026367188,0.7083333134651184,0.20039576292037964,0.7083333134651184,9.999999747378752e-05
0.2000582218170166,0.7083333134651184,0.2001282125711441,0.7083333134651184,9.999999747378752e-05
0.2006779909133911,0.7083333134651184,0.1999843269586563,0.7083333134651184,9.999999747378752e-05
0.20018629729747772,0.7083333134651184,0.1997724026441574,0.7083333134651184,9.999999747378752e-05
0.19933335483074188,0.7083333134651184,0.1994362324476242,0.7083333134651184,9.999999747378752e-05
0.19903892278671265,0.7083333134651184,0.1994006335735321,0.7083333134651184,9.999999747378752e-05
0.1991570144891739,0.7083333134651184,0.19919396936893463,0.7083333134651184,9.999999747378752e-05
0.19910681247711182,0.7083333134651184,0.19872498512268066,0.7083333134651184,9.999999747378752e-05
0.19842982292175293,0.7083333134651184,0.1984838843345642,0.7083333134651184,9.999999747378752e-05
0.19843943417072296,0.7083333134651184,0.19823089241981506,0.7083333134651184,9.999999747378752e-05
0.19823108613491058,0.7083333134651184,0.19798003137111664,0.7083333134651184,9.999999747378752e-05
0.19864028692245483,0.7083333134651184,0.19793228805065155,0.7083333134651184,9.999999747378752e-05
0.1976233869791031,0.7083333134651184,0.1976022869348526,0.7083333134651184,9.999999747378752e-05
0.19795574247837067,0.7083333134651184,0.19763842225074768,0.7083333134651184,9.999999747378752e-05
0.19751548767089844,0.7083333134651184,0.19700342416763306,0.7083333134651184,9.999999747378752e-05
0.197499617934227,0.7083333134651184,0.19676542282104492,0.7083333134651184,9.999999747378752e-05
0.19623476266860962,0.7083333134651184,0.1964123249053955,0.7083333134651184,9.999999747378752e-05
0.19605517387390137,0.7083333134651184,0.19613882899284363,0.7083333134651184,9.999999747378752e-05
0.19570863246917725,0.7083333134651184,0.1959277242422104,0.7083333134651184,9.999999747378752e-05
0.19553862512111664,0.7083333134651184,0.19558635354042053,0.7083333134651184,9.999999747378752e-05
0.1953582614660263,0.7083333134651184,0.1952899545431137,0.7083333134651184,9.999999747378752e-05
0.19474105536937714,0.7083333134651184,0.19500420987606049,0.7083333134651184,9.999999747378752e-05
0.1949743628501892,0.7083333134651184,0.1948484629392624,0.7083333134651184,9.999999747378752e-05
0.1953706294298172,0.7083333134651184,0.19446681439876556,0.7083333134651184,9.999999747378752e-05
0.1943121999502182,0.7083333134651184,0.1942424774169922,0.7083333134651184,9.999999747378752e-05
0.19406075775623322,0.7083333134651184,0.19379505515098572,0.7083333134651184,9.999999747378752e-05
0.19438783824443817,0.7083333134651184,0.19390636682510376,0.7083333134651184,9.999999747378752e-05
0.1947689652442932,0.7083333134651184,0.19327858090400696,0.7083333134651184,9.999999747378752e-05
0.19275681674480438,0.7083333134651184,0.1929047703742981,0.7083333134651184,9.999999747378752e-05
0.1922488808631897,0.7083333134651184,0.1925124078989029,0.7083333134651184,9.999999747378752e-05
0.19222848117351532,0.7083333134651184,0.19219240546226501,0.7083333134651184,9.999999747378752e-05
0.19192276895046234,0.7083333134651184,0.19202975928783417,0.7083333134651184,9.999999747378752e-05
0.19194291532039642,0.7083333134651184,0.19150449335575104,0.7083333134651184,9.999999747378752e-05
0.19082118570804596,0.7083333134651184,0.19114533066749573,0.7083333134651184,9.999999747378752e-05
0.19059187173843384,0.7083333134651184,0.19078268110752106,0.7083333134651184,9.999999747378752e-05
0.19026817381381989,0.7083333134651184,0.19044722616672516,0.7083333134651184,9.999999747378752e-05
0.1898401379585266,0.7083333134651184,0.1900685876607895,0.7083333134651184,9.999999747378752e-05
0.1895667165517807,0.7083333134651184,0.18968228995800018,0.7083333134651184,9.999999747378752e-05
0.18886715173721313,0.7083333134651184,0.18938331305980682,0.7083333134651184,9.999999747378752e-05
0.1883496791124344,0.7083333134651184,0.18890418112277985,0.7083333134651184,9.999999747378752e-05
0.18855708837509155,0.7083333134651184,0.18853123486042023,0.7083333134651184,9.999999747378752e-05
0.18805433809757233,0.7083333134651184,0.18832118809223175,0.7083333134651184,9.999999747378752e-05
0.18776392936706543,0.7083333134651184,0.187724307179451,0.7083333134651184,9.999999747378752e-05
0.18662075698375702,0.7083333134651184,0.18729986250400543,0.7083333134651184,9.999999747378752e-05
0.18740098178386688,0.7083333134651184,0.18704159557819366,0.7083333134651184,9.999999747378752e-05
0.18718944489955902,0.7083333134651184,0.18655996024608612,0.7083333134651184,9.999999747378752e-05
0.18580667674541473,0.7083333134651184,0.18603426218032837,0.7083333134651184,9.999999747378752e-05
0.18557177484035492,0.7083333134651184,0.18566946685314178,0.7083333134651184,9.999999747378752e-05
0.1847318559885025,0.7083333134651184,0.1851791888475418,0.7083333134651184,9.999999747378752e-05
0.18532882630825043,0.7083333134651184,0.18497435748577118,0.7083333134651184,9.999999747378752e-05
0.1838754415512085,0.7083333134651184,0.18430639803409576,0.7083333134651184,9.999999747378752e-05
0.18543092906475067,0.7083333134651184,0.18397118151187897,0.7083333134651184,9.999999747378752e-05
0.1830635517835617,0.7083333134651184,0.1833665668964386,0.7083333134651184,9.999999747378752e-05
0.18270637094974518,0.7083333134651184,0.1828278750181198,0.7083333134651184,9.999999747378752e-05
0.18587683141231537,0.7083333134651184,0.18317793309688568,0.7083333134651184,9.999999747378752e-05
0.18188434839248657,0.7083333134651184,0.18187279999256134,0.7083333134651184,9.999999747378752e-05
0.18165946006774902,0.7083333134651184,0.18144991993904114,0.7083333134651184,9.999999747378752e-05
0.17974142730236053,0.7083333134651184,0.18092259764671326,0.7083333134651184,9.999999747378752e-05
0.1799144297838211,0.7083333134651184,0.18068306148052216,0.7083333134651184,9.999999747378752e-05
0.18120402097702026,0.7083333134651184,0.18060868978500366,0.7083333134651184,9.999999747378752e-05
0.1788264662027359,0.7083333134651184,0.17936505377292633,0.7083333134651184,9.999999747378752e-05
0.1790817826986313,0.7083333134651184,0.17937679588794708,0.7083333134651184,9.999999747378752e-05
0.17771227657794952,0.7083333134651184,0.17843858897686005,0.7083333134651184,9.999999747378752e-05
0.17676942050457,0.7083333134651184,0.17778831720352173,0.7083333134651184,9.999999747378752e-05
0.1762104034423828,0.7083333134651184,0.17727424204349518,0.7083333134651184,9.999999747378752e-05
0.17607057094573975,0.7083333134651184,0.1766674965620041,0.7083333134651184,9.999999747378752e-05
0.17532122135162354,0.7083333134651184,0.17611674964427948,0.7083333134651184,9.999999747378752e-05
0.17447006702423096,0.7083333134651184,0.17553621530532837,0.7083333134651184,9.999999747378752e-05
0.17403841018676758,0.7083333134651184,0.17506194114685059,0.7083333134651184,9.999999747378752e-05
0.17359501123428345,0.7083333134651184,0.1743432581424713,0.7083333134651184,9.999999747378752e-05
0.1731395274400711,0.7083333134651184,0.1737375259399414,0.7083333134651184,9.999999747378752e-05
0.17207472026348114,0.7083333134651184,0.17312884330749512,0.7083333134651184,9.999999747378752e-05
0.17152564227581024,0.7083333134651184,0.1725020706653595,0.7083333134651184,9.999999747378752e-05
0.1707427054643631,0.7083333134651184,0.17192240059375763,0.7083333134651184,9.999999747378752e-05
0.17012135684490204,0.7083333134651184,0.1713433414697647,0.7083333134651184,9.999999747378752e-05
0.1697705239057541,0.7083333134651184,0.17078988254070282,0.7083333134651184,9.999999747378752e-05
0.1686726063489914,0.7083333134651184,0.17000074684619904,0.7083333134651184,9.999999747378752e-05
0.16868604719638824,0.7083333134651184,0.1694209724664688,0.7083333134651184,9.999999747378752e-05
0.16799695789813995,0.7083333134651184,0.16868458688259125,0.7083333134651184,9.999999747378752e-05
0.16777509450912476,0.7083333134651184,0.16805729269981384,0.7083333134651184,9.999999747378752e-05
0.1673273891210556,0.7083333134651184,0.1676180362701416,0.7083333134651184,9.999999747378752e-05
0.16556134819984436,0.7083333134651184,0.16681139171123505,0.7083333134651184,9.999999747378752e-05
0.1647467464208603,0.7083333134651184,0.1659954935312271,0.7083333134651184,9.999999747378752e-05
0.16391479969024658,0.7083333134651184,0.16533373296260834,0.7083333134651184,9.999999747378752e-05
0.16332662105560303,0.7083333134651184,0.1646127700805664,0.7083333134651184,9.999999747378752e-05
0.16246145963668823,0.7083333134651184,0.1639453023672104,0.7083333134651184,9.999999747378752e-05
0.1624675840139389,0.7083333134651184,0.16320620477199554,0.7083333134651184,9.999999747378752e-05
0.16110245883464813,0.7083333134651184,0.16247309744358063,0.7083333134651184,9.999999747378752e-05
0.16065694391727448,0.7083333134651184,0.16175803542137146,0.7083333134651184,9.999999747378752e-05
0.1601668745279312,0.7083333134651184,0.1611110419034958,0.7083333134651184,9.999999747378752e-05
0.15874285995960236,0.7083333134651184,0.16034603118896484,0.7083333134651184,9.999999747378752e-05
0.15806323289871216,0.7083333134651184,0.15955762565135956,0.7083333134651184,9.999999747378752e-05
0.15727320313453674,0.7083333134651184,0.15878881514072418,0.7083333134651184,9.999999747378752e-05
0.1564994603395462,0.7083333134651184,0.158025324344635,0.7083333134651184,9.999999747378752e-05
0.15561319887638092,0.7083333134651184,0.15728046000003815,0.7083333134651184,9.999999747378752e-05
0.1552838385105133,0.7083333134651184,0.15661083161830902,0.7083333134651184,9.999999747378752e-05
0.15430323779582977,0.7083333134651184,0.15568676590919495,0.7083333134651184,9.999999747378752e-05
0.15336476266384125,0.7083333134651184,0.15499669313430786,0.7083333134651184,9.999999747378752e-05
0.15270638465881348,0.7083333134651184,0.154088094830513,0.7083333134651184,9.999999747378752e-05
0.15178413689136505,0.7083333134651184,0.15328732132911682,0.7083333134651184,9.999999747378752e-05
0.15162163972854614,0.7291666865348816,0.15256166458129883,0.7333333492279053,9.999999747378752e-05
0.15006224811077118,0.7291666865348816,0.1517416089773178,0.7083333134651184,9.999999747378752e-05
0.14932511746883392,0.7083333134651184,0.1510666012763977,0.7083333134651184,9.999999747378752e-05
0.14854218065738678,0.7083333134651184,0.1502995789051056,0.7083333134651184,9.999999747378752e-05
0.14786209166049957,0.7083333134651184,0.14921845495700836,0.7333333492279053,9.999999747378752e-05
0.14674405753612518,0.7291666865348816,0.14844323694705963,0.75,9.999999747378752e-05
0.1460602581501007,0.7291666865348816,0.14755699038505554,0.7333333492279053,9.999999747378752e-05
0.14527030289173126,0.7291666865348816,0.1467946320772171,0.7333333492279053,9.999999747378752e-05
0.14381422102451324,0.7291666865348816,0.14586280286312103,0.75,9.999999747378752e-05
0.14342889189720154,0.75,0.14501143991947174,0.75,9.999999747378752e-05
0.14237213134765625,0.75,0.1441468745470047,0.75,9.999999747378752e-05
0.14138388633728027,0.7708333134651184,0.14330273866653442,0.7749999761581421,9.999999747378752e-05
0.1405705362558365,0.7708333134651184,0.14240886270999908,0.7666666507720947,9.999999747378752e-05
0.13965310156345367,0.7708333134651184,0.14154551923274994,0.7666666507720947,9.999999747378752e-05
0.1390148550271988,0.7604166865348816,0.14077559113502502,0.75,9.999999747378752e-05
0.1377657800912857,0.75,0.13986843824386597,0.7749999761581421,9.999999747378752e-05
0.13676460087299347,0.78125,0.13895639777183533,0.7916666865348816,9.999999747378752e-05
0.13691480457782745,0.7916666865348816,0.13817763328552246,0.7833333611488342,9.999999747378752e-05
0.13522838056087494,0.8333333134651184,0.13736017048358917,0.8416666388511658,9.999999747378752e-05
0.13465438783168793,0.8333333134651184,0.1363578587770462,0.8083333373069763,9.999999747378752e-05
0.13366137444972992,0.8541666865348816,0.13550038635730743,0.8500000238418579,9.999999747378752e-05
0.13258247077465057,0.84375,0.13458824157714844,0.8083333373069763,9.999999747378752e-05
0.1319320797920227,0.8229166865348816,0.13389627635478973,0.800000011920929,9.999999747378752e-05
0.1305464804172516,0.8125,0.13290993869304657,0.8083333373069763,9.999999747378752e-05
0.12987692654132843,0.84375,0.13202370703220367,0.8583333492279053,9.999999747378752e-05
0.1288076490163803,0.875,0.131093829870224,0.8583333492279053,9.999999747378752e-05
0.12786923348903656,0.875,0.13018450140953064,0.8583333492279053,9.999999747378752e-05
0.12754838168621063,0.8645833134651184,0.12936919927597046,0.8500000238418579,9.999999747378752e-05
0.12656857073307037,0.8645833134651184,0.12844222784042358,0.8916666507720947,9.999999747378752e-05
0.12523189187049866,0.90625,0.12757796049118042,0.8916666507720947,9.999999747378752e-05
0.12421206384897232,0.90625,0.12670239806175232,0.8666666746139526,9.999999747378752e-05
0.12361014634370804,0.875,0.12587586045265198,0.8583333492279053,9.999999747378752e-05
0.12263641506433487,0.8854166865348816,0.12492726743221283,0.8916666507720947,9.999999747378752e-05
0.12151095271110535,0.90625,0.12406350672245026,0.8916666507720947,9.999999747378752e-05
0.12089893966913223,0.9166666865348816,0.12319814413785934,0.8999999761581421,9.999999747378752e-05
0.11998119950294495,0.9166666865348816,0.12233354151248932,0.8999999761581421,9.999999747378752e-05
0.11883749812841415,0.9166666865348816,0.12146459519863129,0.8999999761581421,9.999999747378752e-05
0.11794224381446838,0.9166666865348816,0.12059947848320007,0.8999999761581421,9.999999747378752e-05
0.11724575608968735,0.9166666865348816,0.11976417154073715,0.8999999761581421,9.999999747378752e-05
0.11619969457387924,0.9166666865348816,0.11888182908296585,0.9083333611488342,9.999999747378752e-05
0.11537113785743713,0.9166666865348816,0.11806096136569977,0.9083333611488342,9.999999747378752e-05
0.11484867334365845,0.9166666865348816,0.11719627678394318,0.9166666865348816,9.999999747378752e-05
0.11411335319280624,0.9166666865348816,0.11642485111951828,0.9083333611488342,9.999999747378752e-05
0.11276087909936905,0.9166666865348816,0.11548290401697159,0.9166666865348816,9.999999747378752e-05
0.11201571673154831,0.9270833134651184,0.11470727622509003,0.9083333611488342,9.999999747378752e-05
0.11097005754709244,0.9270833134651184,0.11380686610937119,0.9166666865348816,9.999999747378752e-05
0.11040113121271133,0.9375,0.11299752444028854,0.925000011920929,9.999999747378752e-05
0.10931871086359024,0.9375,0.11214951425790787,0.925000011920929,9.999999747378752e-05
0.10856709629297256,0.9270833134651184,0.1113496869802475,0.9166666865348816,9.999999747378752e-05
0.10753300786018372,0.9270833134651184,0.11053786426782608,0.9166666865348816,9.999999747378752e-05
0.106802798807621,0.9270833134651184,0.10976378619670868,0.9166666865348816,9.999999747378752e-05
0.10591577738523483,0.9270833134651184,0.1088818684220314,0.9166666865348816,9.999999747378752e-05
0.10505563765764236,0.9375,0.10805628448724747,0.925000011920929,9.999999747378752e-05
0.10425969958305359,0.9375,0.10724491626024246,0.9333333373069763,9.999999747378752e-05
0.10358571261167526,0.9479166865348816,0.10647532343864441,0.9333333373069763,9.999999747378752e-05
0.10258544236421585,0.9479166865348816,0.10563234239816666,0.9333333373069763,9.999999747378752e-05
0.10160359740257263,0.9479166865348816,0.10486044734716415,0.925000011920929,9.999999747378752e-05
0.10094756633043289,0.9375,0.10418229550123215,0.925000011920929,9.999999747378752e-05
0.10066890716552734,0.9270833134651184,0.1035066545009613,0.9166666865348816,9.999999747378752e-05
0.09923237562179565,0.9270833134651184,0.10251426696777344,0.9333333373069763,9.999999747378752e-05
0.09862785786390305,0.9479166865348816,0.10178939998149872,0.9416666626930237,9.999999747378752e-05
0.09798336029052734,0.9583333134651184,0.10104461014270782,0.949999988079071,9.999999747378752e-05
0.09720753878355026,0.9583333134651184,0.10024157166481018,0.949999988079071,9.999999747378752e-05
0.0964047908782959,0.9479166865348816,0.09954772889614105,0.9333333373069763,9.999999747378752e-05
0.09592946618795395,0.9375,0.09887662529945374,0.9333333373069763,9.999999747378752e-05
0.09483250230550766,0.9479166865348816,0.09793141484260559,0.9333333373069763,9.999999747378752e-05
0.09384199976921082,0.9479166865348816,0.09718897938728333,0.9416666626930237,9.999999747378752e-05
0.09320991486310959,0.9583333134651184,0.09645666927099228,0.949999988079071,9.999999747378752e-05
0.09240270406007767,0.9583333134651184,0.09574317187070847,0.9416666626930237,9.999999747378752e-05
0.09180814027786255,0.9583333134651184,0.09500165283679962,0.949999988079071,9.999999747378752e-05
0.09097222238779068,0.9583333134651184,0.09432832896709442,0.9416666626930237,9.999999747378752e-05
0.09019800275564194,0.9583333134651184,0.0935647040605545,0.949999988079071,9.999999747378752e-05
0.08946392685174942,0.9583333134651184,0.0928618386387825,0.949999988079071,9.999999747378752e-05
0.08867094665765762,0.9583333134651184,0.09217941015958786,0.949999988079071,9.999999747378752e-05
0.08819657564163208,0.9583333134651184,0.09146562218666077,0.949999988079071,9.999999747378752e-05
0.08741135150194168,0.9583333134651184,0.09076213836669922,0.949999988079071,9.999999747378752e-05
0.08657350391149521,0.9583333134651184,0.09013214707374573,0.949999988079071,9.999999747378752e-05
0.08606615662574768,0.9583333134651184,0.0894317701458931,0.949999988079071,9.999999747378752e-05
0.08515959978103638,0.9583333134651184,0.08881977945566177,0.949999988079071,9.999999747378752e-05
0.08455739170312881,0.9583333134651184,0.08820797502994537,0.949999988079071,9.999999747378752e-05
0.08373410254716873,0.9583333134651184,0.08744065463542938,0.949999988079071,9.999999747378752e-05
0.08319041877985,0.9583333134651184,0.08676211535930634,0.949999988079071,9.999999747378752e-05
0.0824398323893547,0.9583333134651184,0.08611897379159927,0.949999988079071,9.999999747378752e-05
0.08185482025146484,0.9583333134651184,0.08547590672969818,0.949999988079071,9.999999747378752e-05
0.08108934015035629,0.9583333134651184,0.08483818173408508,0.949999988079071,9.999999747378752e-05
0.08048007637262344,0.9583333134651184,0.08420141786336899,0.949999988079071,9.999999747378752e-05
0.07986459136009216,0.9583333134651184,0.08358361572027206,0.949999988079071,9.999999747378752e-05
0.07936885952949524,0.9583333134651184,0.08301744610071182,0.949999988079071,9.999999747378752e-05
0.07861026376485825,0.9583333134651184,0.08232197910547256,0.949999988079071,9.999999747378752e-05
0.07820538431406021,0.9583333134651184,0.08175059407949448,0.949999988079071,9.999999747378752e-05
0.07745633274316788,0.9583333134651184,0.08111002296209335,0.949999988079071,9.999999747378752e-05
0.07676005363464355,0.9583333134651184,0.08050548285245895,0.949999988079071,9.999999747378752e-05
0.07639042288064957,0.9583333134651184,0.0799909457564354,0.949999988079071,9.999999747378752e-05
0.07547593861818314,0.9583333134651184,0.07936780899763107,0.949999988079071,9.999999747378752e-05
0.07482070475816727,0.9583333134651184,0.07875795662403107,0.949999988079071,9.999999747378752e-05
0.07423844933509827,0.9583333134651184,0.07816662639379501,0.949999988079071,9.999999747378752e-05
0.07368414849042892,0.9583333134651184,0.07758695632219315,0.949999988079071,9.999999747378752e-05
0.07313509285449982,0.9583333134651184,0.07703705132007599,0.949999988079071,9.999999747378752e-05
0.07254236191511154,0.9583333134651184,0.0764564648270607,0.949999988079071,9.999999747378752e-05
0.07194849848747253,0.9583333134651184,0.07590746879577637,0.949999988079071,9.999999747378752e-05
0.07158994674682617,0.9583333134651184,0.07534725964069366,0.949999988079071,9.999999747378752e-05
0.07093651592731476,0.9583333134651184,0.07479492574930191,0.949999988079071,9.999999747378752e-05
0.07020539790391922,0.9583333134651184,0.07429103553295135,0.949999988079071,9.999999747378752e-05
0.06992734223604202,0.9583333134651184,0.0737275779247284,0.949999988079071,9.999999747378752e-05
0.06922426074743271,0.9583333134651184,0.07320499420166016,0.949999988079071,9.999999747378752e-05
0.06862009316682816,0.9583333134651184,0.07280433923006058,0.949999988079071,9.999999747378752e-05
0.06820008903741837,0.9583333134651184,0.07229218631982803,0.949999988079071,9.999999747378752e-05
0.06759462505578995,0.9583333134651184,0.07169234752655029,0.949999988079071,9.999999747378752e-05
0.06715211272239685,0.9583333134651184,0.07112690806388855,0.949999988079071,9.999999747378752e-05
0.06656528264284134,0.9583333134651184,0.07062618434429169,0.949999988079071,9.999999747378752e-05
0.06609787791967392,0.9583333134651184,0.0701284185051918,0.949999988079071,9.999999747378752e-05
0.0655495747923851,0.9583333134651184,0.06966401636600494,0.949999988079071,9.999999747378752e-05
0.06511714309453964,0.9583333134651184,0.06915492564439774,0.949999988079071,9.999999747378752e-05
0.06452566385269165,0.9583333134651184,0.0687084048986435,0.949999988079071,9.999999747378752e-05
0.06416186690330505,0.9583333134651184,0.06817670911550522,0.949999988079071,9.999999747378752e-05
0.06391636282205582,0.9583333134651184,0.06785868853330612,0.949999988079071,9.999999747378752e-05
0.0633927509188652,0.9583333134651184,0.0672357901930809,0.949999988079071,9.999999747378752e-05
0.06294674426317215,0.9583333134651184,0.06675787270069122,0.949999988079071,9.999999747378752e-05
0.06224420294165611,0.9583333134651184,0.06630697101354599,0.949999988079071,9.999999747378752e-05
0.06168976053595543,0.9583333134651184,0.06585437804460526,0.949999988079071,9.999999747378752e-05
0.06120368465781212,0.9583333134651184,0.06544327735900879,0.949999988079071,9.999999747378752e-05
0.060967426747083664,0.9583333134651184,0.06510024517774582,0.949999988079071,9.999999747378752e-05
0.06032027676701546,0.9583333134651184,0.06459140032529831,0.949999988079071,9.999999747378752e-05
0.05987292528152466,0.9583333134651184,0.06408753246068954,0.949999988079071,9.999999747378752e-05
0.05940765142440796,0.9583333134651184,0.06364794075489044,0.949999988079071,9.999999747378752e-05
0.05905810371041298,0.9583333134651184,0.06320959329605103,0.949999988079071,9.999999747378752e-05
0.05867086723446846,0.9583333134651184,0.06279989331960678,0.949999988079071,9.999999747378752e-05
0.05810663104057312,0.9583333134651184,0.06238188594579697,0.949999988079071,9.999999747378752e-05
0.057842329144477844,0.9583333134651184,0.06194223836064339,0.949999988079071,9.999999747378752e-05
0.05731766298413277,0.9583333134651184,0.06156183034181595,0.949999988079071,9.999999747378752e-05
0.056839991360902786,0.9583333134651184,0.0611809641122818,0.949999988079071,9.999999747378752e-05
0.05649898946285248,0.9583333134651184,0.060874734073877335,0.949999988079071,9.999999747378752e-05
0.05608813092112541,0.9583333134651184,0.06044544279575348,0.949999988079071,9.999999747378752e-05
0.05568331480026245,0.9583333134651184,0.05995577201247215,0.949999988079071,9.999999747378752e-05
0.05529911816120148,0.9583333134651184,0.05954014137387276,0.9583333134651184,9.999999747378752e-05
0.05498797073960304,0.96875,0.05914017930626869,0.9583333134651184,9.999999747378752e-05
0.05444208160042763,0.96875,0.0587540939450264,0.9583333134651184,9.999999747378752e-05
0.05405318737030029,0.96875,0.05842716246843338,0.9583333134651184,9.999999747378752e-05
0.05367225408554077,0.9583333134651184,0.05804986506700516,0.9583333134651184,9.999999747378752e-05
0.05328238010406494,0.96875,0.057682838290929794,0.9583333134651184,9.999999747378752e-05
0.05295094847679138,0.96875,0.057273413985967636,0.9583333134651184,9.999999747378752e-05
0.05263323709368706,0.96875,0.05697755888104439,0.9583333134651184,9.999999747378752e-05
0.05223970115184784,0.9583333134651184,0.05664025619626045,0.9583333134651184,9.999999747378752e-05
0.05183678865432739,0.96875,0.05625050514936447,0.9583333134651184,9.999999747378752e-05
0.051620230078697205,0.96875,0.05580100789666176,0.9583333134651184,9.999999747378752e-05
0.05116347596049309,0.96875,0.055450689047575,0.9583333134651184,9.999999747378752e-05
0.05078713223338127,0.96875,0.05511991307139397,0.9583333134651184,9.999999747378752e-05
0.05050439015030861,0.96875,0.054758671671152115,0.9583333134651184,9.999999747378752e-05
0.0499957911670208,0.96875,0.05446987599134445,0.9583333134651184,9.999999747378752e-05
0.049723297357559204,0.96875,0.05410986393690109,0.9583333134651184,9.999999747378752e-05
0.04955701157450676,0.96875,0.05394456908106804,0.9583333134651184,9.999999747378752e-05
0.049039024859666824,0.96875,0.05352295562624931,0.9583333134651184,9.999999747378752e-05
0.04875374957919121,0.96875,0.05308537930250168,0.9583333134651184,9.999999747378752e-05
0.04833638295531273,0.96875,0.052748844027519226,0.9583333134651184,9.999999747378752e-05
0.04802803695201874,0.96875,0.052452996373176575,0.9583333134651184,9.999999747378752e-05
0.047672901302576065,0.96875,0.05212879553437233,0.9583333134651184,9.999999747378752e-05
0.047385323792696,0.96875,0.051847781985998154,0.9583333134651184,9.999999747378752e-05
0.04706447944045067,0.96875,0.05154113098978996,0.9583333134651184,9.999999747378752e-05
0.04687574505805969,0.96875,0.05116165801882744,0.9666666388511658,9.999999747378752e-05
0.046502966433763504,0.9791666865348816,0.050849396735429764,0.9666666388511658,9.999999747378752e-05
0.04611169174313545,0.9791666865348816,0.05055713281035423,0.9666666388511658,9.999999747378752e-05
0.0457911342382431,0.9791666865348816,0.05028601735830307,0.9583333134651184,9.999999747378752e-05
0.0455203652381897,0.96875,0.050000447779893875,0.9583333134651184,9.999999747378752e-05
0.04523003101348877,0.96875,0.04973393678665161,0.9583333134651184,9.999999747378752e-05
0.044971197843551636,0.96875,0.049452077597379684,0.9583333134651184,9.999999747378752e-05
0.04463331773877144,0.96875,0.049068633466959,0.9750000238418579,9.999999747378752e-05
0.04435444250702858,0.9895833134651184,0.048802632838487625,0.9750000238418579,9.999999747378752e-05
0.044021185487508774,0.9895833134651184,0.04847784340381622,0.9750000238418579,9.999999747378752e-05
0.04375508800148964,0.9895833134651184,0.04821864143013954,0.9750000238418579,9.999999747378752e-05
0.04350365325808525,0.9895833134651184,0.0479055754840374,0.9750000238418579,9.999999747378752e-05
0.04319893196225166,0.9895833134651184,0.04763161018490791,0.9750000238418579,9.999999747378752e-05
0.04295242205262184,0.9895833134651184,0.04741006717085838,0.9750000238418579,9.999999747378752e-05
0.04273604229092598,0.9895833134651184,0.04707270488142967,0.9750000238418579,9.999999747378752e-05
0.04247380420565605,0.9895833134651184,0.04688100144267082,0.9750000238418579,9.999999747378752e-05
0.04211623966693878,0.9895833134651184,0.04662617668509483,0.9750000238418579,9.999999747378752e-05
0.04211176559329033,0.9895833134651184,0.04624590650200844,0.9750000238418579,9.999999747378752e-05
0.04158730432391167,0.9895833134651184,0.046020276844501495,0.9750000238418579,9.999999747378752e-05
0.04130954667925835,0.9895833134651184,0.04574626311659813,0.9750000238418579,9.999999747378752e-05
0.04100162908434868,0.9895833134651184,0.04551224038004875,0.9750000238418579,9.999999747378752e-05
0.040774013847112656,0.9895833134651184,0.04528080299496651,0.9750000238418579,9.999999747378752e-05
0.040558330714702606,0.9895833134651184,0.045017462223768234,0.9750000238418579,9.999999747378752e-05
0.04028195142745972,0.9895833134651184,0.04476863145828247,0.9750000238418579,9.999999747378752e-05
0.040112171322107315,0.9895833134651184,0.04444728046655655,0.9750000238418579,9.999999747378752e-05
0.03980667516589165,0.9895833134651184,0.04418829828500748,0.9750000238418579,9.999999747378752e-05
0.03951811417937279,0.9895833134651184,0.04399215430021286,0.9750000238418579,9.999999747378752e-05
0.03929648920893669,0.9895833134651184,0.043784331530332565,0.9750000238418579,9.999999747378752e-05
0.039050158113241196,0.9895833134651184,0.04355486109852791,0.9750000238418579,9.999999747378752e-05
0.038846295326948166,0.9895833134651184,0.0432610921561718,0.9750000238418579,9.999999747378752e-05
0.03861543908715248,0.9895833134651184,0.04307086020708084,0.9750000238418579,9.999999747378752e-05
0.03843213990330696,0.9895833134651184,0.04286343231797218,0.9750000238418579,9.999999747378752e-05
0.03838042914867401,0.9895833134651184,0.042489707469940186,0.9750000238418579,9.999999747378752e-05
0.03789449855685234,0.9895833134651184,0.04225693270564079,0.9750000238418579,9.999999747378752e-05
0.03771458938717842,0.9895833134651184,0.04202088341116905,0.9750000238418579,9.999999747378752e-05
0.03739415481686592,0.9895833134651184,0.04185442999005318,0.9750000238418579,9.999999747378752e-05
0.03723162040114403,0.9895833134651184,0.041729699820280075,0.9750000238418579,9.999999747378752e-05
0.03707735240459442,0.9895833134651184,0.041401322931051254,0.9750000238418579,9.999999747378752e-05
0.03677021712064743,0.9895833134651184,0.04116315767168999,0.9750000238418579,9.999999747378752e-05
0.03661290928721428,0.9895833134651184,0.041048429906368256,0.9750000238418579,9.999999747378752e-05
0.03635942190885544,0.9895833134651184,0.04076087474822998,0.9750000238418579,9.999999747378752e-05
0.03610605373978615,0.9895833134651184,0.04057060182094574,0.9750000238418579,9.999999747378752e-05
0.03598693385720253,0.9895833134651184,0.04037553071975708,0.9750000238418579,9.999999747378752e-05
0.03573397919535637,0.9895833134651184,0.040042538195848465,0.9750000238418579,9.999999747378752e-05
0.03549378737807274,0.9895833134651184,0.03982348367571831,0.9750000238418579,9.999999747378752e-05
0.03527059778571129,0.9895833134651184,0.03963647037744522,0.9750000238418579,9.999999747378752e-05
0.03507033735513687,0.9895833134651184,0.03946797177195549,0.9750000238418579,9.999999747378752e-05
0.03484707325696945,0.9895833134651184,0.03928215056657791,0.9750000238418579,9.999999747378752e-05
0.03465798869729042,0.9895833134651184,0.039022788405418396,0.9750000238418579,9.999999747378752e-05
0.03446569666266441,0.9895833134651184,0.03881920874118805,0.9750000238418579,9.999999747378752e-05
0.03428272530436516,0.9895833134651184,0.038594357669353485,0.9750000238418579,9.999999747378752e-05
0.03408369421958923,0.9895833134651184,0.03840120881795883,0.9750000238418579,9.999999747378752e-05
0.03387077525258064,0.9895833134651184,0.03827090933918953,0.9750000238418579,9.999999747378752e-05
0.03372114896774292,0.9895833134651184,0.03817141056060791,0.9750000238418579,9.999999747378752e-05
0.03349664434790611,0.9895833134651184,0.03790938854217529,0.9750000238418579,9.999999747378752e-05
0.03331764414906502,0.9895833134651184,0.037704356014728546,0.9750000238418579,9.999999747378752e-05
0.03310194984078407,0.9895833134651184,0.03742634132504463,0.9750000238418579,9.999999747378752e-05
0.03298373892903328,0.9895833134651184,0.0372440405189991,0.9750000238418579,9.999999747378752e-05
0.03273995593190193,0.9895833134651184,0.03702566400170326,0.9750000238418579,9.999999747378752e-05
0.03253987058997154,0.9895833134651184,0.03683524206280708,0.9750000238418579,9.999999747378752e-05
0.03267731890082359,0.9895833134651184,0.036810074001550674,0.9750000238418579,9.999999747378752e-05
0.03216766566038132,0.9895833134651184,0.036583058536052704,0.9750000238418579,9.999999747378752e-05
0.03205735236406326,0.9895833134651184,0.03628949820995331,0.9750000238418579,9.999999747378752e-05
0.03184610605239868,0.9895833134651184,0.03609054908156395,0.9750000238418579,9.999999747378752e-05
0.03171585872769356,0.9895833134651184,0.03589349985122681,0.9750000238418579,9.999999747378752e-05
0.031482018530368805,0.9895833134651184,0.03575228527188301,0.9750000238418579,9.999999747378752e-05
0.031444668769836426,0.9895833134651184,0.035737112164497375,0.9750000238418579,9.999999747378752e-05
0.031133057549595833,0.9895833134651184,0.03556034713983536,0.9750000238418579,9.999999747378752e-05
0.03099389560520649,0.9895833134651184,0.03529214859008789,0.9750000238418579,9.999999747378752e-05
0.030853090807795525,0.9895833134651184,0.03514551371335983,0.9750000238418579,9.999999747378752e-05
0.030771173536777496,0.9895833134651184,0.034849658608436584,0.9750000238418579,9.999999747378752e-05
0.030477182939648628,0.9895833134651184,0.03470057249069214,0.9750000238418579,9.999999747378752e-05
0.03048846311867237,0.9895833134651184,0.03464972600340843,0.9750000238418579,9.999999747378752e-05
0.030270524322986603,0.9895833134651184,0.034352947026491165,0.9750000238418579,9.999999747378752e-05
0.03000042773783207,0.9895833134651184,0.034217193722724915,0.9750000238418579,9.999999747378752e-05
0.03002830408513546,0.9895833134651184,0.03398805856704712,0.9750000238418579,9.999999747378752e-05
0.030001476407051086,0.9895833134651184,0.03402002900838852,0.9750000238418579,9.999999747378752e-05
0.02950025536119938,0.9895833134651184,0.03383413329720497,0.9750000238418579,9.999999747378752e-05
0.029432160779833794,0.9895833134651184,0.033549997955560684,0.9750000238418579,9.999999747378752e-05
0.02920222282409668,0.9895833134651184,0.033379875123500824,0.9750000238418579,9.999999747378752e-05
0.029007911682128906,0.9895833134651184,0.03323188051581383,0.9750000238418579,9.999999747378752e-05
0.028859592974185944,0.9895833134651184,0.033125944435596466,0.9750000238418579,9.999999747378752e-05
0.029025942087173462,0.9895833134651184,0.033116068691015244,0.9750000238418579,9.999999747378752e-05
0.02875220961868763,0.9895833134651184,0.03274919092655182,0.9750000238418579,9.999999747378752e-05
0.028441451489925385,0.9895833134651184,0.03255214914679527,0.9750000238418579,9.999999747378752e-05
0.02830176241695881,0.9895833134651184,0.03245474770665169,0.9750000238418579,9.999999747378752e-05
0.028107428923249245,0.9895833134651184,0.03229253366589546,0.9750000238418579,9.999999747378752e-05
0.027972111478447914,0.9895833134651184,0.032178495079278946,0.9750000238418579,9.999999747378752e-05
0.027823040261864662,0.9895833134651184,0.03200215846300125,0.9750000238418579,9.999999747378752e-05
0.02768811583518982,0.9895833134651184,0.03186710923910141,0.9750000238418579,9.999999747378752e-05
0.02765997312963009,0.9895833134651184,0.031793538480997086,0.9750000238418579,9.999999747378752e-05
0.027431758120656013,0.9895833134651184,0.03155789151787758,0.9750000238418579,9.999999747378752e-05
0.027268892154097557,0.9895833134651184,0.0313626267015934,0.9750000238418579,9.999999747378752e-05
0.027168216183781624,0.9895833134651184,0.0311905387789011,0.9750000238418579,9.999999747378752e-05
0.027002597227692604,0.9895833134651184,0.031049929559230804,0.9750000238418579,9.999999747378752e-05
0.02683272399008274,0.9895833134651184,0.030946167185902596,0.9750000238418579,9.999999747378752e-05
0.02672106772661209,0.9895833134651184,0.03084852546453476,0.9750000238418579,9.999999747378752e-05
0.026572585105895996,0.9895833134651184,0.030729351565241814,0.9750000238418579,9.999999747378752e-05
0.026504039764404297,0.9895833134651184,0.030685484409332275,0.9750000238418579,9.999999747378752e-05
0.026322945952415466,0.9895833134651184,0.03045755811035633,0.9750000238418579,9.999999747378752e-05
0.026264294981956482,0.9895833134651184,0.030369000509381294,0.9750000238418579,9.999999747378752e-05
0.02611175738275051,0.9895833134651184,0.030089614912867546,0.9750000238418579,9.999999747378752e-05
0.025981256738305092,0.9895833134651184,0.0299089215695858,0.9750000238418579,9.999999747378752e-05
0.025793423876166344,0.9895833134651184,0.02980097569525242,0.9750000238418579,9.999999747378752e-05
0.025773746892809868,0.9895833134651184,0.0296658743172884,0.9750000238418579,9.999999747378752e-05
0.025548061355948448,0.9895833134651184,0.02959619276225567,0.9750000238418579,9.999999747378752e-05
0.025566942989826202,0.9895833134651184,0.02959851734340191,0.9750000238418579,9.999999747378752e-05
0.025440288707613945,0.9895833134651184,0.02930220402777195,0.9750000238418579,9.999999747378752e-05
0.025253066793084145,0.9895833134651184,0.02913113869726658,0.9750000238418579,9.999999747378752e-05
0.025084661319851875,0.9895833134651184,0.02900099754333496,0.9750000238418579,9.999999747378752e-05
0.02489107847213745,0.9895833134651184,0.02893812395632267,0.9750000238418579,9.999999747378752e-05
0.02479073405265808,0.9895833134651184,0.028878996148705482,0.9750000238418579,9.999999747378752e-05
0.024692079052329063,0.9895833134651184,0.02877030149102211,0.9750000238418579,9.999999747378752e-05
0.02455178089439869,0.9895833134651184,0.028553534299135208,0.9750000238418579,9.999999747378752e-05
0.02443009428679943,0.9895833134651184,0.028406599536538124,0.9750000238418579,9.999999747378752e-05
0.024335486814379692,0.9895833134651184,0.028252113610506058,0.9750000238418579,9.999999747378752e-05
0.024256369099020958,0.9895833134651184,0.028178125619888306,0.9750000238418579,9.999999747378752e-05
0.024083571508526802,0.9895833134651184,0.027997488155961037,0.9833333492279053,9.999999747378752e-05
0.023968389257788658,0.9895833134651184,0.027851451188325882,0.9833333492279053,9.999999747378752e-05
0.023850075900554657,0.9895833134651184,0.027733802795410156,0.9833333492279053,9.999999747378752e-05
0.023779332637786865,0.9895833134651184,0.027710575610399246,0.9750000238418579,9.999999747378752e-05
0.023636288940906525,0.9895833134651184,0.027556391432881355,0.9833333492279053,9.999999747378752e-05
0.02350420504808426,0.9895833134651184,0.027469366788864136,0.9750000238418579,9.999999747378752e-05
0.023387014865875244,0.9895833134651184,0.027325842529535294,0.9833333492279053,9.999999747378752e-05
0.02327551692724228,0.9895833134651184,0.027190424501895905,0.9833333492279053,9.999999747378752e-05
0.02316407859325409,0.9895833134651184,0.02705954946577549,0.9833333492279053,9.999999747378752e-05
0.023049643263220787,0.9895833134651184,0.02696836180984974,0.9833333492279053,9.999999747378752e-05
0.022956257686018944,0.9895833134651184,0.026820458471775055,0.9833333492279053,9.999999747378752e-05
0.02284056879580021,0.9895833134651184,0.026676665991544724,0.9833333492279053,9.999999747378752e-05
0.022749030962586403,0.9895833134651184,0.026542244479060173,0.9833333492279053,9.999999747378752e-05
0.022627023980021477,0.9895833134651184,0.026476575061678886,0.9833333492279053,9.999999747378752e-05
0.02253732830286026,0.9895833134651184,0.026401810348033905,0.9833333492279053,9.999999747378752e-05
0.022427378222346306,0.9895833134651184,0.02630416303873062,0.9833333492279053,9.999999747378752e-05
0.02231433428823948,0.9895833134651184,0.026153594255447388,0.9833333492279053,9.999999747378752e-05
0.022309094667434692,0.9895833134651184,0.025952566415071487,0.9833333492279053,9.999999747378752e-05
0.02211274951696396,0.9895833134651184,0.025836607441306114,0.9833333492279053,9.999999747378752e-05
0.0219899732619524,0.9895833134651184,0.025758905336260796,0.9833333492279053,9.999999747378752e-05
0.021879861131310463,0.9895833134651184,0.0256624948233366,0.9833333492279053,9.999999747378752e-05
0.021782146766781807,0.9895833134651184,0.025557709857821465,0.9833333492279053,9.999999747378752e-05
0.021692149341106415,0.9895833134651184,0.025466201826930046,0.9833333492279053,9.999999747378752e-05
0.021581361070275307,0.9895833134651184,0.025375157594680786,0.9833333492279053,9.999999747378752e-05
0.021511493250727654,0.9895833134651184,0.02526085264980793,0.9833333492279053,9.999999747378752e-05
0.021427234634757042,0.9895833134651184,0.0251825749874115,0.9833333492279053,9.999999747378752e-05
0.02139848656952381,0.9895833134651184,0.025158168748021126,0.9833333492279053,9.999999747378752e-05
0.021373404189944267,0.9895833134651184,0.024896686896681786,0.9833333492279053,9.999999747378752e-05
0.02109401486814022,0.9895833134651184,0.024785084649920464,0.9833333492279053,9.999999747378752e-05
0.02101522870361805,0.9895833134651184,0.0246613509953022,0.9833333492279053,9.999999747378752e-05
0.02089390903711319,0.9895833134651184,0.024591300636529922,0.9833333492279053,9.999999747378752e-05
0.02081577107310295,0.9895833134651184,0.024520905688405037,0.9833333492279053,9.999999747378752e-05
0.020691005513072014,0.9895833134651184,0.02443937212228775,0.9833333492279053,9.999999747378752e-05
0.02060209959745407,0.9895833134651184,0.024346202611923218,0.9833333492279053,9.999999747378752e-05
0.02062494494020939,0.9895833134651184,0.02415546216070652,0.9833333492279053,9.999999747378752e-05
0.02043798379600048,0.9895833134651184,0.024049151688814163,0.9833333492279053,9.999999747378752e-05
0.0203442070633173,0.9895833134651184,0.023990346118807793,0.9833333492279053,9.999999747378752e-05
0.02032005414366722,0.9895833134651184,0.02398746646940708,0.9833333492279053,9.999999747378752e-05
0.020164210349321365,0.9895833134651184,0.023807447403669357,0.9833333492279053,9.999999747378752e-05
0.020051199942827225,0.9895833134651184,0.023683475330471992,0.9833333492279053,9.999999747378752e-05
0.019971707835793495,0.9895833134651184,0.02360335923731327,0.9833333492279053,9.999999747378752e-05
0.019924255087971687,0.9895833134651184,0.023439398035407066,0.9833333492279053,9.999999747378752e-05
0.019782474264502525,0.9895833134651184,0.023379739373922348,0.9833333492279053,9.999999747378752e-05
0.01974119432270527,0.9895833134651184,0.02325531654059887,0.9833333492279053,9.999999747378752e-05
0.019611047580838203,0.9895833134651184,0.023168079555034637,0.9833333492279053,9.999999747378752e-05
0.019561871886253357,0.9895833134651184,0.023159967735409737,0.9833333492279053,9.999999747378752e-05
0.019452782347798347,0.9895833134651184,0.023105749860405922,0.9833333492279053,9.999999747378752e-05
0.019344333559274673,0.9895833134651184,0.0229608416557312,0.9833333492279053,9.999999747378752e-05
0.019258176907896996,0.9895833134651184,0.022813506424427032,0.9833333492279053,9.999999747378752e-05
0.019164403900504112,0.9895833134651184,0.02269844524562359,0.9833333492279053,9.999999747378752e-05
0.01909828931093216,0.9895833134651184,0.022569913417100906,0.9833333492279053,9.999999747378752e-05
0.018995845690369606,0.9895833134651184,0.0225156731903553,0.9833333492279053,9.999999747378752e-05
0.018918616697192192,0.9895833134651184,0.022420991212129593,0.9833333492279053,9.999999747378752e-05
0.018825871869921684,0.9895833134651184,0.02232491970062256,0.9833333492279053,9.999999747378752e-05
0.018736813217401505,0.9895833134651184,0.022238261997699738,0.9833333492279053,9.999999747378752e-05
0.018740981817245483,0.9895833134651184,0.02209663949906826,0.9833333492279053,9.999999747378752e-05
0.01856868714094162,0.9895833134651184,0.022074660286307335,0.9833333492279053,9.999999747378752e-05
0.018537452444434166,0.9895833134651184,0.022027963772416115,0.9833333492279053,9.999999747378752e-05
0.018409736454486847,0.9895833134651184,0.02191336080431938,0.9833333492279053,9.999999747378752e-05
0.018337132409214973,0.9895833134651184,0.021855736151337624,0.9833333492279053,9.999999747378752e-05
0.018240243196487427,0.9895833134651184,0.02171344682574272,0.9833333492279053,9.999999747378752e-05
0.01817180961370468,0.9895833134651184,0.021576477214694023,0.9833333492279053,9.999999747378752e-05
0.018080182373523712,0.9895833134651184,0.021501634269952774,0.9833333492279053,9.999999747378752e-05
0.018028607591986656,0.9895833134651184,0.021395379677414894,0.9833333492279053,9.999999747378752e-05
0.017926065251231194,0.9895833134651184,0.021344956010580063,0.9833333492279053,9.999999747378752e-05
0.01786496303975582,0.9895833134651184,0.021308671683073044,0.9833333492279053,9.999999747378752e-05
0.01778341270983219,0.9895833134651184,0.02116585522890091,0.9833333492279053,9.999999747378752e-05
0.017695819959044456,0.9895833134651184,0.02104940265417099,0.9833333492279053,9.999999747378752e-05
0.01759972982108593,0.9895833134651184,0.02097015641629696,0.9833333492279053,9.999999747378752e-05
0.017562715336680412,0.9895833134651184,0.020858509466052055,0.9833333492279053,9.999999747378752e-05
0.017504939809441566,0.9895833134651184,0.020743614062666893,0.9833333492279053,9.999999747378752e-05
0.01735430769622326,0.9895833134651184,0.020718540996313095,0.9833333492279053,9.999999747378752e-05
0.017311371862888336,0.9895833134651184,0.020651070401072502,0.9833333492279053,9.999999747378752e-05
0.017225930467247963,0.9895833134651184,0.020595764741301537,0.9833333492279053,9.999999747378752e-05
0.017145996913313866,0.9895833134651184,0.020501386374235153,0.9833333492279053,9.999999747378752e-05
0.017083242535591125,0.9895833134651184,0.02038699761033058,0.9833333492279053,9.999999747378752e-05
0.017081741243600845,0.9895833134651184,0.020382093265652657,0.9833333492279053,9.999999747378752e-05
0.01692955568432808,0.9895833134651184,0.020253093913197517,0.9833333492279053,9.999999747378752e-05
0.016865380108356476,0.9895833134651184,0.020104292780160904,0.9833333492279053,9.999999747378752e-05
0.016770238056778908,0.9895833134651184,0.020062481984496117,0.9833333492279053,9.999999747378752e-05
0.016672449186444283,0.9895833134651184,0.019980190321803093,0.9833333492279053,9.999999747378752e-05
0.016603877767920494,0.9895833134651184,0.019913943484425545,0.9833333492279053,9.999999747378752e-05
0.016546189785003662,0.9895833134651184,0.019807837903499603,0.9833333492279053,9.999999747378752e-05
0.016462555155158043,0.9895833134651184,0.019728602841496468,0.9833333492279053,9.999999747378752e-05
0.016425738111138344,0.9895833134651184,0.01967882364988327,0.9833333492279053,9.999999747378752e-05
0.016325650736689568,0.9895833134651184,0.019551211968064308,0.9833333492279053,9.999999747378752e-05
0.016261370852589607,0.9895833134651184,0.01945333555340767,0.9833333492279053,9.999999747378752e-05
0.01618056185543537,0.9895833134651184,0.0194046963006258,0.9833333492279053,9.999999747378752e-05
0.016112806275486946,0.9895833134651184,0.019350143149495125,0.9833333492279053,9.999999747378752e-05
0.016065314412117004,0.9895833134651184,0.01931283436715603,0.9833333492279053,9.999999747378752e-05
0.015957387164235115,0.9895833134651184,0.01921408250927925,0.9833333492279053,9.999999747378752e-05
0.015926796942949295,0.9895833134651184,0.019062064588069916,0.9833333492279053,9.999999747378752e-05
0.015858501195907593,0.9895833134651184,0.019018016755580902,0.9833333492279053,9.999999747378752e-05
0.015746934339404106,0.9895833134651184,0.018954403698444366,0.9833333492279053,9.999999747378752e-05
0.015688804909586906,0.9895833134651184,0.018829677253961563,0.9833333492279053,9.999999747378752e-05
0.015615604817867279,0.9895833134651184,0.01877649500966072,0.9833333492279053,9.999999747378752e-05
0.015580066479742527,0.9895833134651184,0.0186474546790123,0.9833333492279053,9.999999747378752e-05
0.015472166240215302,0.9895833134651184,0.018606683239340782,0.9833333492279053,9.999999747378752e-05
0.015429329127073288,0.9895833134651184,0.018503915518522263,0.9833333492279053,9.999999747378752e-05
0.01534171774983406,0.9895833134651184,0.01842191256582737,0.9833333492279053,9.999999747378752e-05
0.015319901518523693,0.9895833134651184,0.01845676638185978,0.9833333492279053,9.999999747378752e-05
0.015224352478981018,0.9895833134651184,0.01834404282271862,0.9833333492279053,9.999999747378752e-05
0.015132986009120941,0.9895833134651184,0.018266675993800163,0.9833333492279053,9.999999747378752e-05
0.015099679119884968,0.9895833134651184,0.01824437454342842,0.9833333492279053,9.999999747378752e-05
0.01500072330236435,0.9895833134651184,0.018182789906859398,0.9833333492279053,9.999999747378752e-05
0.01492383424192667,0.9895833134651184,0.01809787005186081,0.9833333492279053,9.999999747378752e-05
0.01484570000320673,0.9895833134651184,0.017937827855348587,0.9833333492279053,9.999999747378752e-05
0.014790229499340057,0.9895833134651184,0.01786799356341362,0.9833333492279053,9.999999747378752e-05
0.014756731688976288,0.9895833134651184,0.01773911342024803,0.9833333492279053,9.999999747378752e-05
0.014697632752358913,0.9895833134651184,0.017645107582211494,0.9833333492279053,9.999999747378752e-05
0.014619425870478153,0.9895833134651184,0.017631780356168747,0.9833333492279053,9.999999747378752e-05
0.014523847959935665,0.9895833134651184,0.017568735405802727,0.9833333492279053,9.999999747378752e-05
0.014453907497227192,0.9895833134651184,0.017510704696178436,0.9833333492279053,9.999999747378752e-05
0.014462661929428577,0.9895833134651184,0.017506040632724762,0.9833333492279053,9.999999747378752e-05
0.014329001307487488,0.9895833134651184,0.017392154783010483,0.9833333492279053,9.999999747378752e-05
0.014276262372732162,0.9895833134651184,0.017317064106464386,0.9833333492279053,9.999999747378752e-05
0.014248569495975971,0.9895833134651184,0.017177879810333252,0.9833333492279053,9.999999747378752e-05
0.014157933183014393,0.9895833134651184,0.01715571992099285,0.9833333492279053,9.999999747378752e-05
0.014069478958845139,0.9895833134651184,0.017103707417845726,0.9833333492279053,9.999999747378752e-05
0.014013799838721752,0.9895833134651184,0.017012037336826324,0.9833333492279053,9.999999747378752e-05
0.013938534073531628,0.9895833134651184,0.01695026084780693,0.9833333492279053,9.999999747378752e-05
0.013941868208348751,0.9895833134651184,0.016822418197989464,0.9833333492279053,9.999999747378752e-05
0.01382844801992178,0.9895833134651184,0.016744988039135933,0.9833333492279053,9.999999747378752e-05
0.013753143139183521,0.9895833134651184,0.016708867624402046,0.9833333492279053,9.999999747378752e-05
0.013732709921896458,0.9895833134651184,0.01670709438621998,0.9833333492279053,9.999999747378752e-05
0.013625014573335648,0.9895833134651184,0.016636094078421593,0.9833333492279053,9.999999747378752e-05
0.013573452830314636,0.9895833134651184,0.016565794125199318,0.9833333492279053,9.999999747378752e-05
0.013499592430889606,0.9895833134651184,0.016471868380904198,0.9833333492279053,9.999999747378752e-05
0.013474234379827976,0.9895833134651184,0.01643451489508152,0.9833333492279053,9.999999747378752e-05
0.01337597519159317,0.9895833134651184,0.016353517770767212,0.9833333492279053,9.999999747378752e-05
0.01331731304526329,0.9895833134651184,0.016235971823334694,0.9833333492279053,9.999999747378752e-05
0.013264968059957027,0.9895833134651184,0.0161516685038805,0.9833333492279053,9.999999747378752e-05
0.01320530567318201,0.9895833134651184,0.016103126108646393,0.9833333492279053,9.999999747378752e-05
0.013147305697202682,0.9895833134651184,0.016048364341259003,0.9833333492279053,9.999999747378752e-05
0.013079757802188396,0.9895833134651184,0.01595785841345787,0.9833333492279053,9.999999747378752e-05
0.013052031397819519,0.9895833134651184,0.01586463861167431,0.9833333492279053,9.999999747378752e-05
0.013008772395551205,0.9895833134651184,0.015886351466178894,0.9833333492279053,9.999999747378752e-05
0.01291112881153822,0.9895833134651184,0.015858788043260574,0.9833333492279053,9.999999747378752e-05
0.012856853194534779,0.9895833134651184,0.015808824449777603,0.9833333492279053,9.999999747378752e-05
0.01276308298110962,0.9895833134651184,0.01567990519106388,0.9833333492279053,9.999999747378752e-05
0.012725982815027237,0.9895833134651184,0.015555204823613167,0.9833333492279053,9.999999747378752e-05
0.012693963944911957,0.9895833134651184,0.01545639242976904,0.9833333492279053,9.999999747378752e-05
0.012669953517615795,0.9895833134651184,0.01546518038958311,0.9833333492279053,9.999999747378752e-05
0.012549690902233124,0.9895833134651184,0.015376645140349865,0.9833333492279053,9.999999747378752e-05
0.012468340806663036,0.9895833134651184,0.01533504854887724,0.9833333492279053,9.999999747378752e-05
0.012458584271371365,0.9895833134651184,0.015242894180119038,0.9833333492279053,9.999999747378752e-05
0.012370566837489605,0.9895833134651184,0.015224805101752281,0.9833333492279053,9.999999747378752e-05
0.012321961112320423,0.9895833134651184,0.015203859657049179,0.9833333492279053,9.999999747378752e-05
0.012245730496942997,0.9895833134651184,0.015136046335101128,0.9833333492279053,9.999999747378752e-05
0.012218496762216091,0.9895833134651184,0.015003640204668045,0.9833333492279053,9.999999747378752e-05
0.012175443582236767,0.9895833134651184,0.014977570623159409,0.9833333492279053,9.999999747378752e-05
0.012075989507138729,0.9895833134651184,0.014873112551867962,0.9833333492279053,9.999999747378752e-05
0.012031708844006062,0.9895833134651184,0.014834055677056313,0.9833333492279053,9.999999747378752e-05
0.01196105033159256,0.9895833134651184,0.014792253263294697,0.9833333492279053,9.999999747378752e-05
0.011963345110416412,0.9895833134651184,0.01466447114944458,0.9833333492279053,9.999999747378752e-05
0.01190477516502142,0.9895833134651184,0.01457641925662756,0.9833333492279053,9.999999747378752e-05
0.011787851341068745,0.9895833134651184,0.014532824978232384,0.9833333492279053,9.999999747378752e-05
0.011718475259840488,0.9895833134651184,0.014501813799142838,0.9833333492279053,9.999999747378752e-05
0.011741787195205688,0.9895833134651184,0.014533374458551407,0.9833333492279053,9.999999747378752e-05
0.011616784147918224,0.9895833134651184,0.0144752012565732,0.9833333492279053,9.999999747378752e-05
0.011628915555775166,0.9895833134651184,0.014344478957355022,0.9833333492279053,9.999999747378752e-05
0.011511365883052349,0.9895833134651184,0.014323725365102291,0.9833333492279053,9.999999747378752e-05
0.011467684991657734,0.9895833134651184,0.01423113513737917,0.9833333492279053,9.999999747378752e-05
0.011414975859224796,0.9895833134651184,0.014132841490209103,0.9833333492279053,9.999999747378752e-05
0.01139832939952612,0.9895833134651184,0.014037265442311764,0.9833333492279053,9.999999747378752e-05
0.01129226852208376,0.9895833134651184,0.013997410424053669,0.9833333492279053,9.999999747378752e-05
0.011256680823862553,0.9895833134651184,0.014020906761288643,0.9833333492279053,9.999999747378752e-05
0.011197809129953384,0.9895833134651184,0.013936015777289867,0.9833333492279053,9.999999747378752e-05
0.011126036755740643,0.9895833134651184,0.013885317370295525,0.9833333492279053,9.999999747378752e-05
0.0110961077734828,0.9895833134651184,0.013798126950860023,0.9833333492279053,9.999999747378752e-05
0.011077449657022953,0.9895833134651184,0.01382219698280096,0.9833333492279053,9.999999747378752e-05
0.011019033379852772,0.9895833134651184,0.013681191951036453,0.9833333492279053,9.999999747378752e-05
0.010901750065386295,0.9895833134651184,0.013625738210976124,0.9833333492279053,9.999999747378752e-05
0.010907025076448917,0.9895833134651184,0.013533534482121468,0.9833333492279053,9.999999747378752e-05
0.010803003795444965,0.9895833134651184,0.013514101505279541,0.9833333492279053,9.999999747378752e-05
0.010786100290715694,0.9895833134651184,0.013432136736810207,0.9833333492279053,9.999999747378752e-05
0.010705764405429363,0.9895833134651184,0.013382046483457088,0.9833333492279053,9.999999747378752e-05
0.010686855763196945,0.9895833134651184,0.013414875604212284,0.9833333492279053,9.999999747378752e-05
0.010629263706505299,0.9895833134651184,0.013302460312843323,0.9833333492279053,9.999999747378752e-05
0.010533471591770649,0.9895833134651184,0.013260194100439548,0.9833333492279053,9.999999747378752e-05
0.010499323718249798,0.9895833134651184,0.013177989050745964,0.9833333492279053,9.999999747378752e-05
0.010446499101817608,0.9895833134651184,0.013112828135490417,0.9833333492279053,9.999999747378752e-05
0.010378467850387096,0.9895833134651184,0.013053974136710167,0.9833333492279053,9.999999747378752e-05
0.010323864407837391,0.9895833134651184,0.012993648648262024,0.9833333492279053,9.999999747378752e-05
0.010306711308658123,0.9895833134651184,0.012995741330087185,0.9833333492279053,9.999999747378752e-05
0.01027644146233797,0.9895833134651184,0.012901256792247295,0.9833333492279053,9.999999747378752e-05
0.01024041511118412,0.9895833134651184,0.012925184331834316,0.9833333492279053,9.999999747378752e-05
0.010127664543688297,0.9895833134651184,0.01282432395964861,0.9833333492279053,9.999999747378752e-05
0.010097087360918522,0.9895833134651184,0.012724429368972778,0.9833333492279053,9.999999747378752e-05
0.010041208006441593,0.9895833134651184,0.012716695666313171,0.9833333492279053,9.999999747378752e-05
0.009996525943279266,0.9895833134651184,0.01261875033378601,0.9833333492279053,9.999999747378752e-05
0.009934530593454838,0.9895833134651184,0.012546727433800697,0.9833333492279053,9.999999747378752e-05
0.009884904138743877,0.9895833134651184,0.012535074725747108,0.9833333492279053,9.999999747378752e-05
0.009848284535109997,0.9895833134651184,0.012526341713964939,0.9833333492279053,9.999999747378752e-05
0.00978559348732233,0.9895833134651184,0.012481879442930222,0.9833333492279053,9.999999747378752e-05
0.009714760817587376,0.9895833134651184,0.012405555695295334,0.9833333492279053,9.999999747378752e-05
0.00974536407738924,0.9895833134651184,0.012280219234526157,0.9833333492279053,9.999999747378752e-05
0.009628458879888058,0.9895833134651184,0.012229499407112598,0.9833333492279053,9.999999747378752e-05
0.009597615338861942,0.9895833134651184,0.012209831736981869,0.9833333492279053,9.999999747378752e-05
0.009541974402964115,0.9895833134651184,0.01215505599975586,0.9833333492279053,9.999999747378752e-05
0.009505721740424633,0.9895833134651184,0.012148884125053883,0.9833333492279053,9.999999747378752e-05
0.009451823309063911,0.9895833134651184,0.012066160328686237,0.9833333492279053,9.999999747378752e-05
0.00937703438103199,0.9895833134651184,0.012030004523694515,0.9833333492279053,9.999999747378752e-05
0.009344215504825115,0.9895833134651184,0.011976770125329494,0.9833333492279053,9.999999747378752e-05
0.009288371540606022,0.9895833134651184,0.01194216962903738,0.9833333492279053,9.999999747378752e-05
0.009237726218998432,0.9895833134651184,0.011875110678374767,0.9833333492279053,9.999999747378752e-05
0.00925192330032587,0.9895833134651184,0.011775676161050797,0.9833333492279053,9.999999747378752e-05
0.009185952134430408,0.9895833134651184,0.011780941858887672,0.9833333492279053,9.999999747378752e-05
0.009113119915127754,0.9895833134651184,0.01170472800731659,0.9833333492279053,9.999999747378752e-05
0.009056834504008293,0.9895833134651184,0.011651958338916302,0.9833333492279053,9.999999747378752e-05
0.009030520915985107,0.9895833134651184,0.01163080520927906,0.9833333492279053,9.999999747378752e-05
0.008969399146735668,0.9895833134651184,0.011560673825442791,0.9833333492279053,9.999999747378752e-05
0.00894188042730093,0.9895833134651184,0.011538630351424217,0.9833333492279053,9.999999747378752e-05
0.008894741535186768,0.9895833134651184,0.0115037327632308,0.9833333492279053,9.999999747378752e-05
0.008869933895766735,0.9895833134651184,0.011418167501688004,0.9833333492279053,9.999999747378752e-05
0.008789605461061,0.9895833134651184,0.011378198862075806,0.9833333492279053,9.999999747378752e-05
0.00872543454170227,0.9895833134651184,0.011325821280479431,0.9833333492279053,9.999999747378752e-05
0.008720585145056248,0.9895833134651184,0.01125576812773943,0.9833333492279053,9.999999747378752e-05
0.008653800003230572,0.9895833134651184,0.011207069270312786,0.9833333492279053,9.999999747378752e-05
0.008608044125139713,0.9895833134651184,0.011203253641724586,0.9833333492279053,9.999999747378752e-05
0.008576993830502033,0.9895833134651184,0.011144185438752174,0.9833333492279053,9.999999747378752e-05
0.008542699739336967,0.9895833134651184,0.011109721846878529,0.9833333492279053,9.999999747378752e-05
0.008478430099785328,0.9895833134651184,0.01108609139919281,0.9833333492279053,9.999999747378752e-05
0.008445086888968945,0.9895833134651184,0.011069416999816895,0.9833333492279053,9.999999747378752e-05
0.008376358076930046,0.9895833134651184,0.01099777314811945,0.9833333492279053,9.999999747378752e-05
0.008380132727324963,0.9895833134651184,0.010892948135733604,0.9833333492279053,9.999999747378752e-05
0.008308202028274536,0.9895833134651184,0.01084886770695448,0.9833333492279053,9.999999747378752e-05
0.008263572119176388,0.9895833134651184,0.010817736387252808,0.9833333492279053,9.999999747378752e-05
0.008220314979553223,0.9895833134651184,0.010750182904303074,0.9833333492279053,9.999999747378752e-05
0.008172337897121906,0.9895833134651184,0.01071253977715969,0.9833333492279053,9.999999747378752e-05
0.008124145679175854,0.9895833134651184,0.010689729824662209,0.9833333492279053,9.999999747378752e-05
0.008092418313026428,0.9895833134651184,0.010638939216732979,0.9833333492279053,9.999999747378752e-05
0.008038036525249481,0.9895833134651184,0.010601971298456192,0.9833333492279053,9.999999747378752e-05
0.00801017601042986,0.9895833134651184,0.010589716024696827,0.9833333492279053,9.999999747378752e-05
0.007965805940330029,0.9895833134651184,0.010546578094363213,0.9833333492279053,9.999999747378752e-05
0.007913343608379364,0.9895833134651184,0.010497828014194965,0.9833333492279053,9.999999747378752e-05
0.007881004363298416,0.9895833134651184,0.010435133241117,0.9833333492279053,9.999999747378752e-05
0.007829669862985611,0.9895833134651184,0.010396862402558327,0.9833333492279053,9.999999747378752e-05
0.007865452207624912,0.9895833134651184,0.010300648398697376,0.9916666746139526,9.999999747378752e-05
0.007753878366202116,1.0,0.010273118503391743,0.9916666746139526,9.999999747378752e-05
0.007742839399725199,1.0,0.010229957289993763,0.9916666746139526,9.999999747378752e-05
0.007666539400815964,1.0,0.01021647173911333,0.9916666746139526,9.999999747378752e-05
0.007632159162312746,1.0,0.010186656378209591,0.9916666746139526,9.999999747378752e-05
0.007597317453473806,0.9895833134651184,0.010177403688430786,0.9916666746139526,9.999999747378752e-05
0.007567869033664465,1.0,0.010104397311806679,0.9916666746139526,9.999999747378752e-05
0.0075174192897975445,1.0,0.010084506124258041,0.9916666746139526,9.999999747378752e-05
0.007483178749680519,1.0,0.010029017925262451,0.9916666746139526,9.999999747378752e-05
0.007459147367626429,1.0,0.009978539310395718,0.9916666746139526,9.999999747378752e-05
0.0074522593058645725,1.0,0.00999347772449255,0.9916666746139526,9.999999747378752e-05
0.0073660691268742085,1.0,0.009908105246722698,0.9916666746139526,9.999999747378752e-05
0.007340522017329931,1.0,0.00989324040710926,0.9916666746139526,9.999999747378752e-05
0.0072754439897835255,1.0,0.00981950480490923,0.9916666746139526,9.999999747378752e-05
0.007280237972736359,1.0,0.009744396433234215,0.9916666746139526,9.999999747378752e-05
0.007233088836073875,1.0,0.00973214115947485,0.9916666746139526,9.999999747378752e-05
0.007183945272117853,1.0,0.009672196581959724,0.9916666746139526,9.999999747378752e-05
0.007135521620512009,1.0,0.009635275229811668,0.9916666746139526,9.999999747378752e-05
0.007135780993849039,1.0,0.009645150043070316,0.9916666746139526,9.999999747378752e-05
0.007095761131495237,1.0,0.009592419490218163,0.9916666746139526,9.999999747378752e-05
0.007059518713504076,1.0,0.00950870756059885,0.9916666746139526,9.999999747378752e-05
0.006989354733377695,1.0,0.009495184756815434,0.9916666746139526,9.999999747378752e-05
0.006989398971199989,1.0,0.009503338485956192,0.9916666746139526,9.999999747378752e-05
0.006930053699761629,1.0,0.009463634341955185,0.9916666746139526,9.999999747378752e-05
0.006881257984787226,1.0,0.009410650469362736,0.9916666746139526,9.999999747378752e-05
0.006899246480315924,1.0,0.009314116090536118,0.9916666746139526,9.999999747378752e-05
0.006845823954790831,1.0,0.009263573214411736,0.9916666746139526,9.999999747378752e-05
0.0067803096026182175,1.0,0.009242604486644268,0.9916666746139526,9.999999747378752e-05
0.00676092691719532,1.0,0.009264216758310795,0.9916666746139526,9.999999747378752e-05
0.0067064049653708935,1.0,0.009216776117682457,0.9916666746139526,9.999999747378752e-05
0.00667571322992444,1.0,0.009178721345961094,0.9916666746139526,9.999999747378752e-05
0.006637342274188995,1.0,0.009163503535091877,0.9916666746139526,9.999999747378752e-05
0.0066598220728337765,1.0,0.009077650494873524,0.9916666746139526,9.999999747378752e-05
0.006576031446456909,1.0,0.009038848802447319,0.9916666746139526,9.999999747378752e-05
0.0065363324247300625,1.0,0.00901030283421278,0.9916666746139526,9.999999747378752e-05
0.006511971354484558,1.0,0.009020606987178326,0.9916666746139526,9.999999747378752e-05
0.006478662136942148,1.0,0.008962452411651611,0.9916666746139526,9.999999747378752e-05
0.0064332629553973675,1.0,0.008940228261053562,0.9916666746139526,9.999999747378752e-05
0.006398234516382217,1.0,0.008900796063244343,0.9916666746139526,9.999999747378752e-05
0.006365922745317221,1.0,0.00885769072920084,0.9916666746139526,9.999999747378752e-05
0.006326435599476099,1.0,0.008821872062981129,0.9916666746139526,9.999999747378752e-05
0.006324963644146919,1.0,0.008763456717133522,0.9916666746139526,9.999999747378752e-05
0.006271811667829752,1.0,0.00874066911637783,0.9916666746139526,9.999999747378752e-05
0.006252216640859842,1.0,0.0086995679885149,0.9916666746139526,9.999999747378752e-05
0.006208668928593397,1.0,0.008673222735524178,0.9916666746139526,9.999999747378752e-05
0.00617388216778636,1.0,0.008643588051199913,0.9916666746139526,9.999999747378752e-05
0.006143631413578987,1.0,0.008633937686681747,0.9916666746139526,9.999999747378752e-05
0.006162961944937706,1.0,0.008656279183924198,0.9916666746139526,9.999999747378752e-05
0.006095346063375473,1.0,0.00856646616011858,0.9916666746139526,9.999999747378752e-05
0.00604969309642911,1.0,0.008512289263308048,0.9916666746139526,9.999999747378752e-05
0.006016172003000975,1.0,0.008488821797072887,0.9916666746139526,9.999999747378752e-05
0.005997829604893923,1.0,0.00843409076333046,0.9916666746139526,9.999999747378752e-05
0.00595410680398345,1.0,0.008412007242441177,0.9916666746139526,9.999999747378752e-05
0.005930878221988678,1.0,0.008397036232054234,0.9916666746139526,9.999999747378752e-05
0.00590301351621747,1.0,0.008351831696927547,0.9916666746139526,9.999999747378752e-05
0.005917211528867483,1.0,0.008283964358270168,0.9916666746139526,9.999999747378752e-05
0.0058441124856472015,1.0,0.008257237263023853,0.9916666746139526,9.999999747378752e-05
0.005815576761960983,1.0,0.00823699589818716,0.9916666746139526,9.999999747378752e-05
0.005781614687293768,1.0,0.008247295394539833,0.9916666746139526,9.999999747378752e-05
0.005779147148132324,1.0,0.008274191990494728,0.9916666746139526,9.999999747378752e-05
0.0057311891578137875,1.0,0.008202207274734974,0.9916666746139526,9.999999747378752e-05
0.00569259375333786,1.0,0.008169366978108883,0.9916666746139526,9.999999747378752e-05
0.0056625003926455975,1.0,0.008104054257273674,0.9916666746139526,9.999999747378752e-05
0.0056338985450565815,1.0,0.008090438321232796,0.9916666746139526,9.999999747378752e-05
0.005598120391368866,1.0,0.008048055693507195,0.9916666746139526,9.999999747378752e-05
0.0055898092687129974,1.0,0.008036063052713871,0.9916666746139526,9.999999747378752e-05
0.0055556572042405605,1.0,0.008008462376892567,0.9916666746139526,9.999999747378752e-05
0.005514094606041908,1.0,0.00794900767505169,0.9916666746139526,9.999999747378752e-05
0.0054914690554142,1.0,0.007901514880359173,0.9916666746139526,9.999999747378752e-05
0.005459822714328766,1.0,0.007883059792220592,0.9916666746139526,9.999999747378752e-05
0.005434731021523476,1.0,0.007846301421523094,0.9916666746139526,9.999999747378752e-05
0.005421740934252739,1.0,0.0078029329888522625,0.9916666746139526,9.999999747378752e-05
0.005401568952947855,1.0,0.007762143388390541,0.9916666746139526,9.999999747378752e-05
0.0053551378659904,1.0,0.007764467969536781,0.9916666746139526,9.999999747378752e-05
0.005334305111318827,1.0,0.007729741279035807,0.9916666746139526,9.999999747378752e-05
0.005302909761667252,1.0,0.007740981876850128,0.9916666746139526,9.999999747378752e-05
0.00530056981369853,1.0,0.0077605233527719975,0.9916666746139526,9.999999747378752e-05
0.005255157593637705,1.0,0.007704449351876974,0.9916666746139526,9.999999747378752e-05
0.005238673184067011,1.0,0.007641313131898642,0.9916666746139526,9.999999747378752e-05
0.0051966141909360886,1.0,0.007631834130734205,0.9916666746139526,9.999999747378752e-05
0.005164843983948231,1.0,0.00759594701230526,0.9916666746139526,9.999999747378752e-05
0.005149665754288435,1.0,0.00758846290409565,0.9916666746139526,9.999999747378752e-05
0.005129140801727772,1.0,0.00757440784946084,0.9916666746139526,9.999999747378752e-05
0.005170662421733141,1.0,0.0074609718285501,0.9916666746139526,9.999999747378752e-05
0.0050731622613966465,1.0,0.007434852421283722,0.9916666746139526,9.999999747378752e-05
0.005043046548962593,1.0,0.007418754976242781,0.9916666746139526,9.999999747378752e-05
0.005023338831961155,1.0,0.007392289582639933,0.9916666746139526,9.999999747378752e-05
0.005014996509999037,1.0,0.007414407096803188,0.9916666746139526,9.999999747378752e-05
0.004996237810701132,1.0,0.007342414930462837,0.9916666746139526,9.999999747378752e-05
0.004943944979459047,1.0,0.007318196818232536,0.9916666746139526,9.999999747378752e-05
0.004920210223644972,1.0,0.007333301939070225,0.9916666746139526,9.999999747378752e-05
0.004902222193777561,1.0,0.0073359375819563866,0.9916666746139526,9.999999747378752e-05
0.004871480632573366,1.0,0.007294029463082552,0.9916666746139526,9.999999747378752e-05
0.004841757472604513,1.0,0.007234690245240927,0.9916666746139526,9.999999747378752e-05
0.004821315873414278,1.0,0.007188345305621624,0.9916666746139526,9.999999747378752e-05
0.004796857014298439,1.0,0.007177748251706362,0.9916666746139526,9.999999747378752e-05
0.004778818693011999,1.0,0.007136577740311623,0.9916666746139526,9.999999747378752e-05
0.004747122060507536,1.0,0.007121861446648836,0.9916666746139526,9.999999747378752e-05
0.00472275260835886,1.0,0.007094900589436293,0.9916666746139526,9.999999747378752e-05
0.00473391730338335,1.0,0.0071196602657437325,0.9916666746139526,9.999999747378752e-05
0.004677563440054655,1.0,0.007096134591847658,0.9916666746139526,9.999999747378752e-05
0.00466478057205677,1.0,0.007027591113001108,0.9916666746139526,9.999999747378752e-05
0.004628671333193779,1.0,0.007010090630501509,0.9916666746139526,9.999999747378752e-05
0.0046057007275521755,1.0,0.006986391264945269,0.9916666746139526,9.999999747378752e-05
0.004608955699950457,1.0,0.006922764703631401,0.9916666746139526,9.999999747378752e-05
0.004570742603391409,1.0,0.006895613390952349,0.9916666746139526,9.999999747378752e-05
0.004541341681033373,1.0,0.006880244240164757,0.9916666746139526,9.999999747378752e-05
0.0045351008884608746,1.0,0.006900125183165073,0.9916666746139526,9.999999747378752e-05
0.004502689000219107,1.0,0.006894588004797697,0.9916666746139526,9.999999747378752e-05
0.004473766312003136,1.0,0.006864666007459164,0.9916666746139526,9.999999747378752e-05
0.004466831684112549,1.0,0.0068598040379583836,0.9916666746139526,9.999999747378752e-05
0.004477222915738821,1.0,0.0067643774673342705,0.9916666746139526,9.999999747378752e-05
0.004414623603224754,1.0,0.006758856121450663,0.9916666746139526,9.999999747378752e-05
0.0044092885218560696,1.0,0.006704077590256929,0.9916666746139526,9.999999747378752e-05
0.004374070093035698,1.0,0.006708248984068632,0.9916666746139526,9.999999747378752e-05
0.004356056917458773,1.0,0.006673886440694332,0.9916666746139526,9.999999747378752e-05
0.0043505276553332806,1.0,0.006694437935948372,0.9916666746139526,9.999999747378752e-05
0.004333943594247103,1.0,0.006626495160162449,0.9916666746139526,9.999999747378752e-05
0.004280435387045145,1.0,0.0066111949272453785,0.9916666746139526,9.999999747378752e-05
0.004263897892087698,1.0,0.006583171896636486,0.9916666746139526,9.999999747378752e-05
0.004238019231706858,1.0,0.0065734367817640305,0.9916666746139526,9.999999747378752e-05
0.0042415522038936615,1.0,0.0065313829109072685,0.9916666746139526,9.999999747378752e-05
0.004194172099232674,1.0,0.006542210932821035,0.9916666746139526,9.999999747378752e-05
0.004180691204965115,1.0,0.006545884069055319,0.9916666746139526,9.999999747378752e-05
0.004193203058093786,1.0,0.00648424681276083,0.9916666746139526,9.999999747378752e-05
0.004168013576418161,1.0,0.006523510441184044,0.9916666746139526,9.999999747378752e-05
0.004126561339944601,1.0,0.006507195997983217,0.9916666746139526,9.999999747378752e-05
0.004111276939511299,1.0,0.006436008494347334,0.9916666746139526,9.999999747378752e-05
0.004085270222276449,1.0,0.006405076943337917,0.9916666746139526,9.999999747378752e-05
0.004063155967742205,1.0,0.0063936468213796616,0.9916666746139526,9.999999747378752e-05
0.004046340007334948,1.0,0.006344707682728767,0.9916666746139526,9.999999747378752e-05
0.00402680691331625,1.0,0.006306429859250784,0.9916666746139526,9.999999747378752e-05
0.004004248883575201,1.0,0.006297013256698847,0.9916666746139526,9.999999747378752e-05
0.003991801757365465,1.0,0.006265940144658089,0.9916666746139526,9.999999747378752e-05
0.003962882794439793,1.0,0.006271721795201302,0.9916666746139526,9.999999747378752e-05
0.003948627505451441,1.0,0.0062562753446400166,0.9916666746139526,9.999999747378752e-05
0.003941868897527456,1.0,0.006272804923355579,0.9916666746139526,9.999999747378752e-05
0.003929555881768465,1.0,0.006217756774276495,0.9916666746139526,9.999999747378752e-05
0.003889934392645955,1.0,0.006206073332577944,0.9916666746139526,9.999999747378752e-05
0.0038764234632253647,1.0,0.006209042854607105,0.9916666746139526,9.999999747378752e-05
0.003850500099360943,1.0,0.006182562094181776,0.9916666746139526,9.999999747378752e-05
0.0038339009042829275,1.0,0.006137894466519356,0.9916666746139526,9.999999747378752e-05
0.0038193680811673403,1.0,0.006091459654271603,0.9916666746139526,9.999999747378752e-05
0.003815595293417573,1.0,0.006051240488886833,0.9916666746139526,9.999999747378752e-05
0.003784481668844819,1.0,0.006029973737895489,0.9916666746139526,9.999999747378752e-05
0.0037897631991654634,1.0,0.00606245081871748,0.9916666746139526,9.999999747378752e-05
0.0037504613865166903,1.0,0.0060345022939145565,0.9916666746139526,9.999999747378752e-05
0.0037456888239830732,1.0,0.0060568200424313545,0.9916666746139526,9.999999747378752e-05
0.003741306019946933,1.0,0.005980057176202536,0.9916666746139526,9.999999747378752e-05
0.0036905668675899506,1.0,0.005969701334834099,0.9916666746139526,9.999999747378752e-05
0.0036721592769026756,1.0,0.005945099517703056,0.9916666746139526,9.999999747378752e-05
0.0036586355417966843,1.0,0.005913428496569395,0.9916666746139526,9.999999747378752e-05
0.003642680123448372,1.0,0.005900927819311619,0.9916666746139526,9.999999747378752e-05
0.003621487645432353,1.0,0.0058979676105082035,0.9916666746139526,9.999999747378752e-05
0.0036116857081651688,1.0,0.005905715748667717,0.9916666746139526,9.999999747378752e-05
0.0035983684938400984,1.0,0.005856822244822979,0.9916666746139526,9.999999747378752e-05
0.0035822184290736914,1.0,0.005857882089912891,0.9916666746139526,9.999999747378752e-05
0.0035668183118104935,1.0,0.00585970701649785,0.9916666746139526,9.999999747378752e-05
0.003533545881509781,1.0,0.005825087893754244,0.9916666746139526,9.999999747378752e-05
0.003541366895660758,1.0,0.005753034725785255,0.9916666746139526,9.999999747378752e-05
0.003507754998281598,1.0,0.005745651666074991,0.9916666746139526,9.999999747378752e-05
0.003490423085168004,1.0,0.005735022947192192,0.9916666746139526,9.999999747378752e-05
0.003481575520709157,1.0,0.005738324951380491,0.9916666746139526,9.999999747378752e-05
0.0034596833866089582,1.0,0.005707901902496815,0.9916666746139526,9.999999747378752e-05
0.003455590223893523,1.0,0.005654437467455864,0.9916666746139526,9.999999747378752e-05
0.0034456460271030664,1.0,0.0056184022687375546,0.9916666746139526,9.999999747378752e-05
0.0034195261541754007,1.0,0.005643228534609079,0.9916666746139526,9.999999747378752e-05
0.003395727602764964,1.0,0.005625114776194096,0.9916666746139526,9.999999747378752e-05
0.0033768396824598312,1.0,0.005608757957816124,0.9916666746139526,9.999999747378752e-05
0.0033656784798949957,1.0,0.005594199523329735,0.9916666746139526,9.999999747378752e-05
0.003350001061335206,1.0,0.005593647249042988,0.9916666746139526,9.999999747378752e-05
0.0033396717626601458,1.0,0.005556826945394278,0.9916666746139526,9.999999747378752e-05
0.003336159745231271,1.0,0.005519916769117117,0.9916666746139526,9.999999747378752e-05
0.0032981897238641977,1.0,0.005507971625775099,0.9916666746139526,9.999999747378752e-05
0.003304443322122097,1.0,0.005478669889271259,0.9916666746139526,9.999999747378752e-05
0.0032656986732035875,1.0,0.0054926080629229546,0.9916666746139526,9.999999747378752e-05
0.003252841532230377,1.0,0.005493427161127329,0.9916666746139526,9.999999747378752e-05
0.0032618846744298935,1.0,0.005525392480194569,0.9916666746139526,9.999999747378752e-05
0.003241460071876645,1.0,0.005464212503284216,0.9916666746139526,9.999999747378752e-05
0.00321392435580492,1.0,0.005430322606116533,0.9916666746139526,9.999999747378752e-05
0.003202559659257531,1.0,0.005395703017711639,0.9916666746139526,9.999999747378752e-05
0.0031852389220148325,1.0,0.005380904767662287,0.9916666746139526,9.999999747378752e-05
0.0031664585694670677,1.0,0.005389994941651821,0.9916666746139526,9.999999747378752e-05
0.003165324917063117,1.0,0.005351462867110968,0.9916666746139526,9.999999747378752e-05
0.0031455717980861664,1.0,0.005353635177016258,0.9916666746139526,9.999999747378752e-05
0.0031395063269883394,1.0,0.005312865134328604,0.9916666746139526,9.999999747378752e-05
0.0031105002854019403,1.0,0.005317491013556719,0.9916666746139526,9.999999747378752e-05
0.0031035824213176966,1.0,0.005281148012727499,0.9916666746139526,9.999999747378752e-05
0.003082667477428913,1.0,0.005260837264358997,0.9916666746139526,9.999999747378752e-05
0.0030760595109313726,1.0,0.005230665672570467,0.9916666746139526,9.999999747378752e-05
0.003070907900109887,1.0,0.005270833149552345,0.9916666746139526,9.999999747378752e-05
0.003046932863071561,1.0,0.0052796099334955215,0.9916666746139526,9.999999747378752e-05
0.0030283930245786905,1.0,0.005233007483184338,0.9916666746139526,9.999999747378752e-05
0.003016115864738822,1.0,0.00519391568377614,0.9916666746139526,9.999999747378752e-05
0.003007496939972043,1.0,0.005183728411793709,0.9916666746139526,9.999999747378752e-05
0.002984847640618682,1.0,0.005147789139300585,0.9916666746139526,9.999999747378752e-05
0.002972720190882683,1.0,0.005141565576195717,0.9916666746139526,9.999999747378752e-05
0.002956860698759556,1.0,0.0051151057705283165,0.9916666746139526,9.999999747378752e-05
0.0029435621108859777,1.0,0.005111759062856436,0.9916666746139526,9.999999747378752e-05
0.0029357082676142454,1.0,0.0050815376453101635,0.9916666746139526,9.999999747378752e-05
0.002928734989836812,1.0,0.005100321490317583,0.9916666746139526,9.999999747378752e-05
0.0029073860496282578,1.0,0.0050815436989068985,0.9916666746139526,9.999999747378752e-05
0.0028969403356313705,1.0,0.0050424630753695965,0.9916666746139526,9.999999747378752e-05
0.0028870597016066313,1.0,0.0050078765489161015,0.9916666746139526,9.999999747378752e-05
0.0028799427673220634,1.0,0.00503608537837863,0.9916666746139526,9.999999747378752e-05
0.002859388245269656,1.0,0.005011300090700388,0.9916666746139526,9.999999747378752e-05
0.0028452605474740267,1.0,0.005015814211219549,0.9916666746139526,9.999999747378752e-05
0.0028285756707191467,1.0,0.00500499177724123,0.9916666746139526,9.999999747378752e-05
0.0028143739327788353,1.0,0.0049684736877679825,0.9916666746139526,9.999999747378752e-05
0.0028018609154969454,1.0,0.004935393575578928,0.9916666746139526,9.999999747378752e-05
0.0027927597984671593,1.0,0.00491742929443717,0.9916666746139526,9.999999747378752e-05
0.0027756874915212393,1.0,0.004906185902655125,0.9916666746139526,9.999999747378752e-05
0.002780058654025197,1.0,0.004925823770463467,0.9916666746139526,9.999999747378752e-05
0.0027988154906779528,1.0,0.00485654640942812,0.9916666746139526,9.999999747378752e-05
0.002740411786362529,1.0,0.004857098218053579,0.9916666746139526,9.999999747378752e-05
0.002731379121541977,1.0,0.004845969844609499,0.9916666746139526,9.999999747378752e-05
0.0027177745942026377,1.0,0.004837175831198692,0.9916666746139526,9.999999747378752e-05
0.002709156833589077,1.0,0.004837857559323311,0.9916666746139526,9.999999747378752e-05
0.0026985194999724627,1.0,0.004810191225260496,0.9916666746139526,9.999999747378752e-05
0.0026844388339668512,1.0,0.004816620144993067,0.9916666746139526,9.999999747378752e-05
0.0026697192806750536,1.0,0.004802819807082415,0.9916666746139526,9.999999747378752e-05
0.0026651527732610703,1.0,0.004797914996743202,0.9916666746139526,9.999999747378752e-05
0.002652357565239072,1.0,0.004762245807796717,0.9916666746139526,9.999999747378752e-05
0.0026347890961915255,1.0,0.004757857881486416,0.9916666746139526,9.999999747378752e-05
0.002633836353197694,1.0,0.004770859610289335,0.9916666746139526,9.999999747378752e-05
0.0026208003982901573,1.0,0.004714346025139093,0.9916666746139526,9.999999747378752e-05
0.002600502222776413,1.0,0.004710013512521982,0.9916666746139526,9.999999747378752e-05
0.002586364047601819,1.0,0.0046922266483306885,0.9916666746139526,9.999999747378752e-05
0.0025782303418964148,1.0,0.004670472349971533,0.9916666746139526,9.999999747378752e-05
0.002564268419519067,1.0,0.004650243557989597,0.9916666746139526,9.999999747378752e-05
0.0025578641798347235,1.0,0.004658226855099201,0.9916666746139526,9.999999747378752e-05
0.0025503935758024454,1.0,0.00462095532566309,0.9916666746139526,9.999999747378752e-05
0.0025347466580569744,1.0,0.004596812650561333,0.9916666746139526,9.999999747378752e-05
0.002523197093978524,1.0,0.0046149250119924545,0.9916666746139526,9.999999747378752e-05
0.002507853554561734,1.0,0.0046061198227107525,0.9916666746139526,9.999999747378752e-05
0.002503230469301343,1.0,0.004576103296130896,0.9916666746139526,9.999999747378752e-05
0.0024897900875657797,1.0,0.004564642906188965,0.9916666746139526,9.999999747378752e-05
0.0024775497149676085,1.0,0.004563318099826574,0.9916666746139526,9.999999747378752e-05
0.002466383157297969,1.0,0.0045627569779753685,0.9916666746139526,9.999999747378752e-05
0.0024553982075303793,1.0,0.0045491354539990425,0.9916666746139526,9.999999747378752e-05
0.0024493199307471514,1.0,0.004513279534876347,0.9916666746139526,9.999999747378752e-05
0.002433864399790764,1.0,0.004496431443840265,0.9916666746139526,9.999999747378752e-05
0.0024213448632508516,1.0,0.004491567611694336,0.9916666746139526,9.999999747378752e-05
0.0024189120158553123,1.0,0.004498629365116358,0.9916666746139526,9.999999747378752e-05
0.002428205916658044,1.0,0.004442985635250807,0.9916666746139526,9.999999747378752e-05
0.0023950550239533186,1.0,0.004444152116775513,0.9916666746139526,9.999999747378752e-05
0.002381261670961976,1.0,0.004449369385838509,0.9916666746139526,9.999999747378752e-05
0.0023758315946906805,1.0,0.004458259325474501,0.9916666746139526,9.999999747378752e-05
0.002362185390666127,1.0,0.004432240966707468,0.9916666746139526,9.999999747378752e-05
0.0023508009035140276,1.0,0.004407568369060755,0.9916666746139526,9.999999747378752e-05
0.002345198066905141,1.0,0.004409450106322765,0.9916666746139526,9.999999747378752e-05
0.0023354697041213512,1.0,0.004368840251117945,0.9916666746139526,9.999999747378752e-05
0.0023241296876221895,1.0,0.0043462226167321205,0.9916666746139526,9.999999747378752e-05
0.0023166134487837553,1.0,0.004326096270233393,0.9916666746139526,9.999999747378752e-05
0.0023027565330266953,1.0,0.004320996347814798,0.9916666746139526,9.999999747378752e-05
0.002294031670317054,1.0,0.0043396237306296825,0.9916666746139526,9.999999747378752e-05
0.002280323999002576,1.0,0.004321972373872995,0.9916666746139526,9.999999747378752e-05
0.0022759989369660616,1.0,0.004297489300370216,0.9916666746139526,9.999999747378752e-05
0.0022652484476566315,1.0,0.004305719863623381,0.9916666746139526,9.999999747378752e-05
0.0022593794856220484,1.0,0.004280234687030315,0.9916666746139526,9.999999747378752e-05
0.002243383089080453,1.0,0.004276472609490156,0.9916666746139526,9.999999747378752e-05
0.00223111012019217,1.0,0.004263581708073616,0.9916666746139526,9.999999747378752e-05
0.002227962715551257,1.0,0.0042367191053926945,0.9916666746139526,9.999999747378752e-05
0.0022271762136369944,1.0,0.004268741700798273,0.9916666746139526,9.999999747378752e-05
0.002221383387222886,1.0,0.004216836765408516,0.9916666746139526,9.999999747378752e-05
0.0021952816750854254,1.0,0.004215801600366831,0.9916666746139526,9.999999747378752e-05
0.0021889088675379753,1.0,0.004208154045045376,0.9916666746139526,9.999999747378752e-05
0.002176123671233654,1.0,0.00420193700119853,0.9916666746139526,9.999999747378752e-05
0.002166515914723277,1.0,0.004196519963443279,0.9916666746139526,9.999999747378752e-05
0.002155902562662959,1.0,0.004178951494395733,0.9916666746139526,9.999999747378752e-05
0.002152835950255394,1.0,0.00414393562823534,0.9916666746139526,9.999999747378752e-05
0.0021414069924503565,1.0,0.004123097285628319,0.9916666746139526,9.999999747378752e-05
0.002138993237167597,1.0,0.004141767043620348,0.9916666746139526,9.999999747378752e-05
0.002121511148288846,1.0,0.004126427695155144,0.9916666746139526,9.999999747378752e-05
0.002114678965881467,1.0,0.004099192563444376,0.9916666746139526,9.999999747378752e-05
0.0021020888816565275,1.0,0.004088368732482195,0.9916666746139526,9.999999747378752e-05
0.002095778239890933,1.0,0.00407697819173336,0.9916666746139526,9.999999747378752e-05
0.0020883434917777777,1.0,0.004065325949341059,0.9916666746139526,9.999999747378752e-05
0.0020846084225922823,1.0,0.0040746768936514854,0.9916666746139526,9.999999747378752e-05
0.002068112837150693,1.0,0.004058363381773233,0.9916666746139526,9.999999747378752e-05
0.002060609869658947,1.0,0.004035435616970062,0.9916666746139526,9.999999747378752e-05
0.0020508638117462397,1.0,0.0040328651666641235,0.9916666746139526,9.999999747378752e-05
0.002047874266281724,1.0,0.004043280147016048,0.9916666746139526,9.999999747378752e-05
0.002047945512458682,1.0,0.003992573358118534,1.0,9.999999747378752e-05
0.002024691319093108,1.0,0.003981214482337236,1.0,9.999999747378752e-05
0.0020211900118738413,1.0,0.003995128907263279,0.9916666746139526,9.999999747378752e-05
0.002007905161008239,1.0,0.0039906250312924385,0.9916666746139526,9.999999747378752e-05
0.0020003498066216707,1.0,0.003980853594839573,0.9916666746139526,9.999999747378752e-05
0.001990951830521226,1.0,0.003965047653764486,0.9916666746139526,9.999999747378752e-05
0.0019839622545987368,1.0,0.003959054127335548,0.9916666746139526,9.999999747378752e-05
0.00197567674331367,1.0,0.003943669144064188,1.0,9.999999747378752e-05
0.0019722862634807825,1.0,0.003908281214535236,1.0,9.999999747378752e-05
0.0019596482161432505,1.0,0.003906656056642532,1.0,9.999999747378752e-05
0.001951441285200417,1.0,0.003898730967193842,1.0,9.999999747378752e-05
0.0019460214534774423,1.0,0.003907875157892704,1.0,9.999999747378752e-05
0.0019325438188388944,1.0,0.0038899153005331755,1.0,9.999999747378752e-05
0.0019270805642008781,1.0,0.003862167475745082,1.0,9.999999747378752e-05
0.0019180293893441558,1.0,0.003846433013677597,1.0,9.999999747378752e-05
0.0019105421379208565,1.0,0.0038300370797514915,1.0,9.999999747378752e-05
0.0019082044018432498,1.0,0.0038067172281444073,1.0,9.999999747378752e-05
0.0018947903299704194,1.0,0.003812056966125965,1.0,9.999999747378752e-05
0.0018967759096994996,1.0,0.003844763385131955,1.0,9.999999747378752e-05
0.0018808335298672318,1.0,0.003824185812845826,1.0,9.999999747378752e-05
0.0018736990168690681,1.0,0.003806967521086335,1.0,9.999999747378752e-05
0.0018632638966664672,1.0,0.00380306807346642,1.0,9.999999747378752e-05
0.001855858019553125,1.0,0.003790245158597827,1.0,9.999999747378752e-05
0.0018546124920248985,1.0,0.0037548767868429422,1.0,9.999999747378752e-05
0.001846184371970594,1.0,0.003770624054595828,1.0,9.999999747378752e-05
0.001834222231991589,1.0,0.0037461728788912296,1.0,9.999999747378752e-05
0.0018249304266646504,1.0,0.0037410114891827106,1.0,9.999999747378752e-05
0.0018221265636384487,1.0,0.0037130084820091724,1.0,9.999999747378752e-05
0.0018096924759447575,1.0,0.0037198106292635202,1.0,9.999999747378752e-05
0.0018090521916747093,1.0,0.0037380990106612444,1.0,9.999999747378752e-05
0.0017986487364396453,1.0,0.0037056750152260065,1.0,9.999999747378752e-05
0.0017906739376485348,1.0,0.003681202419102192,1.0,9.999999747378752e-05
0.001788818626664579,1.0,0.003705467563122511,1.0,9.999999747378752e-05
0.001790020614862442,1.0,0.0036607414949685335,1.0,9.999999747378752e-05
0.0017735642613843083,1.0,0.003635177854448557,1.0,9.999999747378752e-05
0.0017581694992259145,1.0,0.003640499198809266,1.0,9.999999747378752e-05
0.0017631067894399166,1.0,0.0036767874844372272,1.0,9.999999747378752e-05
0.001755399745889008,1.0,0.0036372316535562277,1.0,9.999999747378752e-05
0.0017363737570121884,1.0,0.003624759381636977,1.0,9.999999747378752e-05
0.0017297541489824653,1.0,0.003630450926721096,1.0,9.999999747378752e-05
0.0017222486203536391,1.0,0.0036139318253844976,1.0,9.999999747378752e-05
0.0017217082204297185,1.0,0.0035864163655787706,1.0,9.999999747378752e-05
0.0017108033644035459,1.0,0.003569668857380748,1.0,9.999999747378752e-05
0.0017055025091394782,1.0,0.003568563610315323,1.0,9.999999747378752e-05
0.0017006756970658898,1.0,0.0035928329452872276,1.0,9.999999747378752e-05
0.001687777228653431,1.0,0.0035777748562395573,1.0,9.999999747378752e-05
0.001681152731180191,1.0,0.003572725458070636,1.0,9.999999747378752e-05
0.0016780063742771745,1.0,0.0035484356340020895,1.0,9.999999747378752e-05
0.0016714009689167142,1.0,0.0035282187163829803,1.0,9.999999747378752e-05
0.0016629582969471812,1.0,0.003538585500791669,1.0,9.999999747378752e-05
0.0016583384713158011,1.0,0.003506758250296116,1.0,9.999999747378752e-05
0.001650580670684576,1.0,0.0035206517204642296,1.0,9.999999747378752e-05
0.0016454661963507533,1.0,0.003488811431452632,1.0,9.999999747378752e-05
0.0016359280562028289,1.0,0.0034934752620756626,1.0,9.999999747378752e-05
0.0016286795726045966,1.0,0.0034721430856734514,1.0,9.999999747378752e-05
0.0016210259636864066,1.0,0.0034784264862537384,1.0,9.999999747378752e-05
0.0016124894609674811,1.0,0.0034687588922679424,1.0,9.999999747378752e-05
0.0016114572063088417,1.0,0.0034815766848623753,1.0,9.999999747378752e-05
0.0016039652982726693,1.0,0.003448586445301771,1.0,9.999999747378752e-05
0.0015951331006363034,1.0,0.0034347062464803457,1.0,9.999999747378752e-05
0.0015970179811120033,1.0,0.0034534877631813288,1.0,9.999999747378752e-05
0.0015805800212547183,1.0,0.0034309818875044584,1.0,9.999999747378752e-05
0.001577383023686707,1.0,0.0034000310115516186,1.0,9.999999747378752e-05
0.0015699520008638501,1.0,0.0033966077025979757,1.0,9.999999747378752e-05
0.001566333812661469,1.0,0.003369924845173955,1.0,9.999999747378752e-05
0.0015571961412206292,1.0,0.0033604491036385298,1.0,9.999999747378752e-05
0.0015505143674090505,1.0,0.0033595303539186716,1.0,9.999999747378752e-05
0.001543426769785583,1.0,0.003364176256582141,1.0,9.999999747378752e-05
0.0015393811045214534,1.0,0.0033501959405839443,1.0,9.999999747378752e-05
0.0015321926912292838,1.0,0.003347937949001789,1.0,9.999999747378752e-05
0.0015283204847946763,1.0,0.003365506650879979,1.0,9.999999747378752e-05
0.0015185991069301963,1.0,0.003354050451889634,1.0,9.999999747378752e-05
0.0015115998685359955,1.0,0.0033458012621849775,1.0,9.999999747378752e-05
0.0015129843959584832,1.0,0.0033141581807285547,1.0,9.999999747378752e-05
0.0015016678953543305,1.0,0.003312830813229084,1.0,9.999999747378752e-05
0.0014967280440032482,1.0,0.0033143528271466494,1.0,9.999999747378752e-05
0.0014954627258703113,1.0,0.003328006248921156,1.0,9.999999747378752e-05
0.001484658569097519,1.0,0.0032976106740534306,1.0,9.999999747378752e-05
0.0014782097423449159,1.0,0.0032785034272819757,1.0,9.999999747378752e-05
0.0014715996803715825,1.0,0.0032642679288983345,1.0,9.999999747378752e-05
0.0014649364165961742,1.0,0.003265609499067068,1.0,9.999999747378752e-05
0.0014604536117985845,1.0,0.003248688532039523,1.0,9.999999747378752e-05
0.0014543798752129078,1.0,0.0032490927260369062,1.0,9.999999747378752e-05
