loss,accuracy,val_loss,val_accuracy,lr
0.31211569905281067,0.375,0.22649405896663666,0.6666666865348816,9.999999747378752e-05
0.2441232055425644,0.6666666865348816,0.24702641367912292,0.6666666865348816,9.999999747378752e-05
0.25192391872406006,0.6666666865348816,0.24878834187984467,0.6666666865348816,9.999999747378752e-05
0.24000747501850128,0.6666666865348816,0.2288680374622345,0.6666666865348816,9.999999747378752e-05
0.22403322160243988,0.6666666865348816,0.2204577773809433,0.6666666865348816,9.999999747378752e-05
0.22827331721782684,0.6666666865348816,0.2233322411775589,0.6666666865348816,9.999999747378752e-05
0.22194738686084747,0.6666666865348816,0.22020265460014343,0.6666666865348816,9.999999747378752e-05
0.2212192267179489,0.6666666865348816,0.21952228248119354,0.6666666865348816,9.999999747378752e-05
0.21960608661174774,0.6666666865348816,0.21907179057598114,0.6666666865348816,9.999999747378752e-05
0.21956677734851837,0.6666666865348816,0.21858206391334534,0.6666666865348816,9.999999747378752e-05
0.2184239774942398,0.6666666865348816,0.2179204672574997,0.6666666865348816,9.999999747378752e-05
0.21792419254779816,0.6666666865348816,0.2175808697938919,0.6666666865348816,9.999999747378752e-05
0.22211551666259766,0.6666666865348816,0.2184911072254181,0.6666666865348816,9.999999747378752e-05
0.21966123580932617,0.6666666865348816,0.21674427390098572,0.6666666865348816,9.999999747378752e-05
0.21772103011608124,0.6666666865348816,0.21673724055290222,0.6666666865348816,9.999999747378752e-05
0.21742022037506104,0.6666666865348816,0.21640880405902863,0.6666666865348816,9.999999747378752e-05
0.21731184422969818,0.6666666865348816,0.2156282365322113,0.6666666865348816,9.999999747378752e-05
0.21630723774433136,0.6666666865348816,0.21535812318325043,0.6666666865348816,9.999999747378752e-05
0.21622121334075928,0.6666666865348816,0.21504859626293182,0.6666666865348816,9.999999747378752e-05
0.21578210592269897,0.6666666865348816,0.21453435719013214,0.6666666865348816,9.999999747378752e-05
0.21595509350299835,0.6666666865348816,0.21449726819992065,0.6666666865348816,9.999999747378752e-05
0.21465523540973663,0.6666666865348816,0.21378692984580994,0.6666666865348816,9.999999747378752e-05
0.2139211893081665,0.6666666865348816,0.21333394944667816,0.6666666865348816,9.999999747378752e-05
0.2138100415468216,0.6666666865348816,0.21293535828590393,0.6666666865348816,9.999999747378752e-05
0.2132791131734848,0.6666666865348816,0.21256542205810547,0.6666666865348816,9.999999747378752e-05
0.21347814798355103,0.6666666865348816,0.21238189935684204,0.6666666865348816,9.999999747378752e-05
0.21255254745483398,0.6666666865348816,0.2117007076740265,0.6666666865348816,9.999999747378752e-05
0.21274800598621368,0.6666666865348816,0.21141695976257324,0.6666666865348816,9.999999747378752e-05
0.2125886231660843,0.6666666865348816,0.21092692017555237,0.6666666865348816,9.999999747378752e-05
0.21193206310272217,0.6666666865348816,0.21059465408325195,0.6666666865348816,9.999999747378752e-05
0.21078218519687653,0.6666666865348816,0.20993973314762115,0.6666666865348816,9.999999747378752e-05
0.21164755523204803,0.6666666865348816,0.20954914391040802,0.6666666865348816,9.999999747378752e-05
0.21013645827770233,0.6666666865348816,0.20908746123313904,0.6666666865348816,9.999999747378752e-05
0.21001528203487396,0.6666666865348816,0.20857739448547363,0.6666666865348816,9.999999747378752e-05
0.20911698043346405,0.6666666865348816,0.20811571180820465,0.6666666865348816,9.999999747378752e-05
0.20874804258346558,0.6666666865348816,0.20765529572963715,0.6666666865348816,9.999999747378752e-05
0.208126500248909,0.6666666865348816,0.20717498660087585,0.6666666865348816,9.999999747378752e-05
0.20813314616680145,0.6666666865348816,0.20669831335544586,0.6666666865348816,9.999999747378752e-05
0.20725800096988678,0.6666666865348816,0.20620319247245789,0.6666666865348816,9.999999747378752e-05
0.20662802457809448,0.6666666865348816,0.20566993951797485,0.6666666865348816,9.999999747378752e-05
0.20638172328472137,0.6666666865348816,0.2051539570093155,0.6666666865348816,9.999999747378752e-05
0.20573681592941284,0.6666666865348816,0.20463277399539948,0.6666666865348816,9.999999747378752e-05
0.20521296560764313,0.6666666865348816,0.20414456725120544,0.6666666865348816,9.999999747378752e-05
0.2049739807844162,0.6666666865348816,0.2037661373615265,0.6666666865348816,9.999999747378752e-05
0.20428864657878876,0.6666666865348816,0.20309901237487793,0.6666666865348816,9.999999747378752e-05
0.20451326668262482,0.6666666865348816,0.20253442227840424,0.6666666865348816,9.999999747378752e-05
0.20323379337787628,0.6666666865348816,0.20198018848896027,0.6666666865348816,9.999999747378752e-05
0.2034422606229782,0.6666666865348816,0.20158441364765167,0.6666666865348816,9.999999747378752e-05
0.2022418975830078,0.6666666865348816,0.20091891288757324,0.6666666865348816,9.999999747378752e-05
0.20211869478225708,0.6666666865348816,0.20049810409545898,0.6666666865348816,9.999999747378752e-05
0.20090150833129883,0.6666666865348816,0.19974814355373383,0.6666666865348816,9.999999747378752e-05
0.20050489902496338,0.6666666865348816,0.1992168426513672,0.6666666865348816,9.999999747378752e-05
0.20018161833286285,0.6666666865348816,0.1985834389925003,0.6666666865348816,9.999999747378752e-05
0.19944943487644196,0.6666666865348816,0.1980164796113968,0.6666666865348816,9.999999747378752e-05
0.19882498681545258,0.6666666865348816,0.1974027305841446,0.6666666865348816,9.999999747378752e-05
0.198491171002388,0.6666666865348816,0.19684246182441711,0.6666666865348816,9.999999747378752e-05
0.19745032489299774,0.6666666865348816,0.19616778194904327,0.6666666865348816,9.999999747378752e-05
0.19680792093276978,0.6666666865348816,0.19555965065956116,0.6666666865348816,9.999999747378752e-05
0.19628190994262695,0.6666666865348816,0.1949559897184372,0.6666666865348816,9.999999747378752e-05
0.19584091007709503,0.6666666865348816,0.19440700113773346,0.6666666865348816,9.999999747378752e-05
0.19498245418071747,0.6666666865348816,0.19368214905261993,0.6666666865348816,9.999999747378752e-05
0.19452238082885742,0.6666666865348816,0.1930108666419983,0.6666666865348816,9.999999747378752e-05
0.19380904734134674,0.6666666865348816,0.19237376749515533,0.6666666865348816,9.999999747378752e-05
0.19354140758514404,0.6666666865348816,0.1917060762643814,0.6666666865348816,9.999999747378752e-05
0.1929389238357544,0.6666666865348816,0.1911143809556961,0.6666666865348816,9.999999747378752e-05
0.19185088574886322,0.6666666865348816,0.19039501249790192,0.6666666865348816,9.999999747378752e-05
0.19199049472808838,0.6666666865348816,0.18966169655323029,0.6666666865348816,9.999999747378752e-05
0.19047653675079346,0.6666666865348816,0.1889374554157257,0.6666666865348816,9.999999747378752e-05
0.19014234840869904,0.6666666865348816,0.18841028213500977,0.6666666865348816,9.999999747378752e-05
0.18962955474853516,0.6666666865348816,0.18753108382225037,0.6666666865348816,9.999999747378752e-05
0.18878717720508575,0.6666666865348816,0.1868467926979065,0.6666666865348816,9.999999747378752e-05
0.18759991228580475,0.6666666865348816,0.18614234030246735,0.6666666865348816,9.999999747378752e-05
0.1873384714126587,0.6666666865348816,0.18539388477802277,0.6666666865348816,9.999999747378752e-05
0.18655113875865936,0.6666666865348816,0.18466641008853912,0.6666666865348816,9.999999747378752e-05
0.18630091845989227,0.6666666865348816,0.18411827087402344,0.6666666865348816,9.999999747378752e-05
0.18541033565998077,0.6666666865348816,0.1832217425107956,0.6666666865348816,9.999999747378752e-05
0.18431492149829865,0.6666666865348816,0.18249677121639252,0.6666666865348816,9.999999747378752e-05
0.1834999918937683,0.6666666865348816,0.18173378705978394,0.6666666865348816,9.999999747378752e-05
0.1827593445777893,0.6666666865348816,0.1810561567544937,0.6666666865348816,9.999999747378752e-05
0.18200641870498657,0.6666666865348816,0.18028110265731812,0.6666666865348816,9.999999747378752e-05
0.18122033774852753,0.6666666865348816,0.17945164442062378,0.6666666865348816,9.999999747378752e-05
0.1807825118303299,0.6666666865348816,0.17873121798038483,0.6666666865348816,9.999999747378752e-05
0.17967157065868378,0.6666666865348816,0.1779099404811859,0.6666666865348816,9.999999747378752e-05
0.17887075245380402,0.6666666865348816,0.17713423073291779,0.6666666865348816,9.999999747378752e-05
0.17848807573318481,0.6666666865348816,0.17634910345077515,0.6666666865348816,9.999999747378752e-05
0.17742477357387543,0.6666666865348816,0.17556644976139069,0.6666666865348816,9.999999747378752e-05
0.17650292813777924,0.6666666865348816,0.17474070191383362,0.6666666865348816,9.999999747378752e-05
0.17582841217517853,0.6666666865348816,0.17397603392601013,0.6666666865348816,9.999999747378752e-05
0.17492415010929108,0.6666666865348816,0.1731877475976944,0.6666666865348816,9.999999747378752e-05
0.17417840659618378,0.6666666865348816,0.17231249809265137,0.6666666865348816,9.999999747378752e-05
0.17350293695926666,0.6666666865348816,0.17149582505226135,0.6666666865348816,9.999999747378752e-05
0.17249886691570282,0.6666666865348816,0.17067228257656097,0.6666666865348816,9.999999747378752e-05
0.1719752997159958,0.6666666865348816,0.16980662941932678,0.675000011920929,9.999999747378752e-05
0.17153306305408478,0.6666666865348816,0.16900673508644104,0.6833333373069763,9.999999747378752e-05
0.17029137909412384,0.6770833134651184,0.168165922164917,0.6666666865348816,9.999999747378752e-05
0.16921192407608032,0.6666666865348816,0.1673581898212433,0.6666666865348816,9.999999747378752e-05
0.16839087009429932,0.6770833134651184,0.16644641757011414,0.675000011920929,9.999999747378752e-05
0.1683979481458664,0.6770833134651184,0.1657482236623764,0.6666666865348816,9.999999747378752e-05
0.16797254979610443,0.6875,0.16474589705467224,0.7166666388511658,9.999999747378752e-05
0.16600005328655243,0.7083333134651184,0.16383026540279388,0.699999988079071,9.999999747378752e-05
0.16495771706104279,0.6979166865348816,0.1629772037267685,0.6916666626930237,9.999999747378752e-05
0.1644718050956726,0.6875,0.16210387647151947,0.699999988079071,9.999999747378752e-05
0.16422417759895325,0.6979166865348816,0.16124404966831207,0.75,9.999999747378752e-05
0.16245757043361664,0.71875,0.1603870540857315,0.699999988079071,9.999999747378752e-05
0.16148953139781952,0.6979166865348816,0.1595965176820755,0.699999988079071,9.999999747378752e-05
0.1610599160194397,0.6875,0.1589019000530243,0.6916666626930237,9.999999747378752e-05
0.15997718274593353,0.7083333134651184,0.157760351896286,0.7333333492279053,9.999999747378752e-05
0.15969601273536682,0.7291666865348816,0.1568613052368164,0.75,9.999999747378752e-05
0.1580004096031189,0.7395833134651184,0.15594471991062164,0.75,9.999999747378752e-05
0.15710367262363434,0.7395833134651184,0.15508727729320526,0.75,9.999999747378752e-05
0.15633690357208252,0.7395833134651184,0.15427179634571075,0.75,9.999999747378752e-05
0.15557995438575745,0.7395833134651184,0.15326254069805145,0.75,9.999999747378752e-05
0.15469855070114136,0.7395833134651184,0.15243984758853912,0.75,9.999999747378752e-05
0.15379177033901215,0.7395833134651184,0.15144194662570953,0.7583333253860474,9.999999747378752e-05
0.15274474024772644,0.75,0.1505422294139862,0.7583333253860474,9.999999747378752e-05
0.15205812454223633,0.75,0.14964750409126282,0.75,9.999999747378752e-05
0.15137670934200287,0.7395833134651184,0.14890214800834656,0.75,9.999999747378752e-05
0.15009146928787231,0.7395833134651184,0.14794859290122986,0.75,9.999999747378752e-05
0.14944052696228027,0.75,0.14689911901950836,0.7833333611488342,9.999999747378752e-05
0.14815346896648407,0.78125,0.14599013328552246,0.800000011920929,9.999999747378752e-05
0.14737211167812347,0.78125,0.14505508542060852,0.7833333611488342,9.999999747378752e-05
0.14629806578159332,0.78125,0.14417704939842224,0.7749999761581421,9.999999747378752e-05
0.14546597003936768,0.7604166865348816,0.14329002797603607,0.7749999761581421,9.999999747378752e-05
0.14450816810131073,0.7916666865348816,0.1422930806875229,0.800000011920929,9.999999747378752e-05
0.14352937042713165,0.8020833134651184,0.14137549698352814,0.8083333373069763,9.999999747378752e-05
0.14281482994556427,0.8333333134651184,0.14045724272727966,0.8166666626930237,9.999999747378752e-05
0.14164969325065613,0.8229166865348816,0.13952429592609406,0.824999988079071,9.999999747378752e-05
0.14081241190433502,0.8333333134651184,0.13861194252967834,0.824999988079071,9.999999747378752e-05
0.13998045027256012,0.84375,0.13766369223594666,0.8666666746139526,9.999999747378752e-05
0.13899123668670654,0.875,0.1367165595293045,0.8916666507720947,9.999999747378752e-05
0.1379622370004654,0.9166666865348816,0.13577699661254883,0.8999999761581421,9.999999747378752e-05
0.13698428869247437,0.8854166865348816,0.13489118218421936,0.875,9.999999747378752e-05
0.13612110912799835,0.875,0.13404084742069244,0.8666666746139526,9.999999747378752e-05
0.13538454473018646,0.8958333134651184,0.1329866349697113,0.9083333611488342,9.999999747378752e-05
0.13441549241542816,0.9270833134651184,0.13208846747875214,0.9083333611488342,9.999999747378752e-05
0.13359807431697845,0.90625,0.13127389550209045,0.8833333253860474,9.999999747378752e-05
0.13242954015731812,0.9270833134651184,0.13020725548267365,0.9166666865348816,9.999999747378752e-05
0.13153871893882751,0.9375,0.1293041855096817,0.9166666865348816,9.999999747378752e-05
0.1311044842004776,0.9583333134651184,0.12835851311683655,0.949999988079071,9.999999747378752e-05
0.1298227310180664,0.9583333134651184,0.1273922622203827,0.949999988079071,9.999999747378752e-05
0.12875157594680786,0.9583333134651184,0.12645861506462097,0.949999988079071,9.999999747378752e-05
0.12776951491832733,0.9583333134651184,0.1256137192249298,0.925000011920929,9.999999747378752e-05
0.12722554802894592,0.9583333134651184,0.12459755688905716,0.949999988079071,9.999999747378752e-05
0.1259215921163559,0.9583333134651184,0.12370820343494415,0.949999988079071,9.999999747378752e-05
0.1251291185617447,0.9583333134651184,0.12277291715145111,0.949999988079071,9.999999747378752e-05
0.12396398931741714,0.9583333134651184,0.12189381569623947,0.949999988079071,9.999999747378752e-05
0.12308157235383987,0.96875,0.120966337621212,0.9583333134651184,9.999999747378752e-05
0.12222672253847122,0.9583333134651184,0.12010898441076279,0.949999988079071,9.999999747378752e-05
0.12156877666711807,0.9583333134651184,0.11910979449748993,0.9666666388511658,9.999999747378752e-05
0.12054330855607986,0.96875,0.11819625645875931,0.9666666388511658,9.999999747378752e-05
0.11986014991998672,0.96875,0.11747613549232483,0.9583333134651184,9.999999747378752e-05
0.1186002790927887,0.96875,0.11645395308732986,0.9666666388511658,9.999999747378752e-05
0.11806131154298782,0.96875,0.11560656875371933,0.9666666388511658,9.999999747378752e-05
0.11766853928565979,0.96875,0.1146324947476387,0.9666666388511658,9.999999747378752e-05
0.11604636907577515,0.96875,0.11374278366565704,0.9666666388511658,9.999999747378752e-05
0.1150418296456337,0.96875,0.11285677552223206,0.9666666388511658,9.999999747378752e-05
0.11424877494573593,0.96875,0.11196338385343552,0.9666666388511658,9.999999747378752e-05
0.11324533075094223,0.96875,0.11107419431209564,0.9666666388511658,9.999999747378752e-05
0.11231642216444016,0.96875,0.11030933260917664,0.9666666388511658,9.999999747378752e-05
0.11151304095983505,0.96875,0.10953428596258163,0.9666666388511658,9.999999747378752e-05
0.11080417782068253,0.96875,0.1087055504322052,0.9666666388511658,9.999999747378752e-05
0.10968446731567383,0.96875,0.10764874517917633,0.9666666388511658,9.999999747378752e-05
0.10886204242706299,0.96875,0.10678384453058243,0.9666666388511658,9.999999747378752e-05
0.10791981220245361,0.96875,0.1059141457080841,0.9666666388511658,9.999999747378752e-05
0.10715433210134506,0.9791666865348816,0.10505989193916321,0.9750000238418579,9.999999747378752e-05
0.10630471259355545,0.9791666865348816,0.10423440486192703,0.9666666388511658,9.999999747378752e-05
0.10548073053359985,0.96875,0.10344882309436798,0.9666666388511658,9.999999747378752e-05
0.10453787446022034,0.96875,0.10257172584533691,0.9666666388511658,9.999999747378752e-05
0.10397126525640488,0.9791666865348816,0.10169842094182968,0.9750000238418579,9.999999747378752e-05
0.10283970087766647,0.9791666865348816,0.10087665915489197,0.9750000238418579,9.999999747378752e-05
0.10219015926122665,0.9791666865348816,0.10003487765789032,0.9750000238418579,9.999999747378752e-05
0.10140461474657059,0.9791666865348816,0.09922608733177185,0.9750000238418579,9.999999747378752e-05
0.10066226869821548,0.9791666865348816,0.09856704622507095,0.9666666388511658,9.999999747378752e-05
0.0995635986328125,0.96875,0.0977131575345993,0.9750000238418579,9.999999747378752e-05
0.09875926375389099,0.9791666865348816,0.09684155881404877,0.9750000238418579,9.999999747378752e-05
0.09795662015676498,0.9791666865348816,0.09602563083171844,0.9750000238418579,9.999999747378752e-05
0.09723345190286636,0.9791666865348816,0.09527967870235443,0.9750000238418579,9.999999747378752e-05
0.09638895839452744,0.9791666865348816,0.09446243196725845,0.9750000238418579,9.999999747378752e-05
0.09605484455823898,0.9791666865348816,0.09363190829753876,0.9750000238418579,9.999999747378752e-05
0.09492135792970657,0.9791666865348816,0.09289167821407318,0.9750000238418579,9.999999747378752e-05
0.09430396556854248,0.9791666865348816,0.0920657366514206,0.9750000238418579,9.999999747378752e-05
0.09322056919336319,0.9791666865348816,0.09137947857379913,0.9750000238418579,9.999999747378752e-05
0.092405766248703,0.9791666865348816,0.09060599654912949,0.9750000238418579,9.999999747378752e-05
0.09165968745946884,0.9791666865348816,0.08982188254594803,0.9750000238418579,9.999999747378752e-05
0.09083203226327896,0.9791666865348816,0.08906841278076172,0.9750000238418579,9.999999747378752e-05
0.09019726514816284,0.9791666865348816,0.0882863774895668,0.9750000238418579,9.999999747378752e-05
0.08941297978162766,0.9791666865348816,0.08763893693685532,0.9750000238418579,9.999999747378752e-05
0.08863922953605652,0.9791666865348816,0.08683693408966064,0.9750000238418579,9.999999747378752e-05
0.08786026388406754,0.9791666865348816,0.08610765635967255,0.9750000238418579,9.999999747378752e-05
0.08707761019468307,0.9791666865348816,0.08538349717855453,0.9750000238418579,9.999999747378752e-05
0.08635353296995163,0.9791666865348816,0.08462715148925781,0.9750000238418579,9.999999747378752e-05
0.08572181314229965,0.9791666865348816,0.08393711596727371,0.9750000238418579,9.999999747378752e-05
0.08531543612480164,0.9791666865348816,0.08316405862569809,0.9750000238418579,9.999999747378752e-05
0.08421754837036133,0.9791666865348816,0.08247268944978714,0.9750000238418579,9.999999747378752e-05
0.08360465615987778,0.9791666865348816,0.08181115239858627,0.9750000238418579,9.999999747378752e-05
0.08277800679206848,0.9791666865348816,0.08116161078214645,0.9750000238418579,9.999999747378752e-05
0.08211145550012589,0.9791666865348816,0.08043431490659714,0.9750000238418579,9.999999747378752e-05
0.08152302354574203,0.9791666865348816,0.07982312887907028,0.9750000238418579,9.999999747378752e-05
0.08100732415914536,0.9791666865348816,0.07900504022836685,0.9750000238418579,9.999999747378752e-05
0.07999371737241745,0.9791666865348816,0.07833349704742432,0.9750000238418579,9.999999747378752e-05
0.07936330139636993,0.9791666865348816,0.07767275720834732,0.9750000238418579,9.999999747378752e-05
0.07872024923563004,0.9791666865348816,0.07704366743564606,0.9750000238418579,9.999999747378752e-05
0.07800853252410889,0.9791666865348816,0.07643506675958633,0.9750000238418579,9.999999747378752e-05
0.07745581120252609,0.9791666865348816,0.075713150203228,0.9750000238418579,9.999999747378752e-05
0.0766802504658699,0.9791666865348816,0.07508335262537003,0.9750000238418579,9.999999747378752e-05
0.0760577842593193,0.9791666865348816,0.07440914958715439,0.9750000238418579,9.999999747378752e-05
0.07531264424324036,0.9791666865348816,0.07380462437868118,0.9750000238418579,9.999999747378752e-05
0.07476994395256042,0.9791666865348816,0.07318805903196335,0.9750000238418579,9.999999747378752e-05
0.07424046844244003,0.9791666865348816,0.07265201956033707,0.9750000238418579,9.999999747378752e-05
0.07355110347270966,0.9791666865348816,0.07191590964794159,0.9750000238418579,9.999999747378752e-05
0.07300736010074615,0.9791666865348816,0.0712750256061554,0.9833333492279053,9.999999747378752e-05
0.07263500243425369,0.9791666865348816,0.0707930326461792,0.9750000238418579,9.999999747378752e-05
0.07157406955957413,0.9791666865348816,0.07015716284513474,0.9750000238418579,9.999999747378752e-05
0.07096702605485916,0.9791666865348816,0.0695180892944336,0.9833333492279053,9.999999747378752e-05
0.07079047709703445,0.9791666865348816,0.06887619942426682,0.9833333492279053,9.999999747378752e-05
0.06976769119501114,0.9791666865348816,0.06829453259706497,0.9833333492279053,9.999999747378752e-05
0.06930974870920181,0.9791666865348816,0.06770940124988556,0.9833333492279053,9.999999747378752e-05
0.06854847073554993,0.9791666865348816,0.06720031797885895,0.9833333492279053,9.999999747378752e-05
0.06803569942712784,0.9791666865348816,0.06663088500499725,0.9833333492279053,9.999999747378752e-05
0.06757540255784988,0.9791666865348816,0.06611799448728561,0.9833333492279053,9.999999747378752e-05
0.06696483492851257,0.9791666865348816,0.06559906899929047,0.9833333492279053,9.999999747378752e-05
0.06629624217748642,0.9791666865348816,0.06491430103778839,0.9833333492279053,9.999999747378752e-05
0.06571464240550995,0.9791666865348816,0.06435953080654144,0.9833333492279053,9.999999747378752e-05
0.06520393490791321,0.9791666865348816,0.06379218399524689,0.9833333492279053,9.999999747378752e-05
0.06467831134796143,0.9791666865348816,0.06324195861816406,0.9833333492279053,9.999999747378752e-05
0.06409621238708496,0.9791666865348816,0.0627380833029747,0.9833333492279053,9.999999747378752e-05
0.06352120637893677,0.9791666865348816,0.062222160398960114,0.9833333492279053,9.999999747378752e-05
0.06304388493299484,0.9791666865348816,0.06173769012093544,0.9833333492279053,9.999999747378752e-05
0.06265028566122055,0.9791666865348816,0.06130043789744377,0.9833333492279053,9.999999747378752e-05
0.06202688813209534,0.9791666865348816,0.06065757945179939,0.9833333492279053,9.999999747378752e-05
0.061504196375608444,0.9791666865348816,0.06014923378825188,0.9833333492279053,9.999999747378752e-05
0.06098374351859093,0.9791666865348816,0.059607744216918945,0.9833333492279053,9.999999747378752e-05
0.0604378879070282,0.9791666865348816,0.05911382660269737,0.9833333492279053,9.999999747378752e-05
0.05990428850054741,0.9791666865348816,0.05861750990152359,0.9833333492279053,9.999999747378752e-05
0.059362974017858505,0.9791666865348816,0.058156318962574005,0.9833333492279053,9.999999747378752e-05
0.05891650542616844,0.9791666865348816,0.057658664882183075,0.9833333492279053,9.999999747378752e-05
0.058503326028585434,0.9791666865348816,0.05726439133286476,0.9833333492279053,9.999999747378752e-05
0.05810759961605072,0.9791666865348816,0.056692417711019516,0.9833333492279053,9.999999747378752e-05
0.05754733458161354,0.9791666865348816,0.05619817227125168,0.9833333492279053,9.999999747378752e-05
0.05692264065146446,0.9791666865348816,0.055762290954589844,0.9833333492279053,9.999999747378752e-05
0.056471388787031174,0.9791666865348816,0.05531774088740349,0.9833333492279053,9.999999747378752e-05
0.05604914203286171,0.9791666865348816,0.054853640496730804,0.9833333492279053,9.999999747378752e-05
0.055603910237550735,0.9791666865348816,0.054441288113594055,0.9833333492279053,9.999999747378752e-05
0.05513298511505127,0.9791666865348816,0.053966887295246124,0.9833333492279053,9.999999747378752e-05
0.054614197462797165,0.9791666865348816,0.05351066216826439,0.9833333492279053,9.999999747378752e-05
0.05422837659716606,0.9791666865348816,0.05306823551654816,0.9833333492279053,9.999999747378752e-05
0.05374826118350029,0.9791666865348816,0.05261670798063278,0.9833333492279053,9.999999747378752e-05
0.05328996479511261,0.9791666865348816,0.05216101557016373,0.9833333492279053,9.999999747378752e-05
0.05286271870136261,0.9791666865348816,0.05173146724700928,0.9833333492279053,9.999999747378752e-05
0.052414219826459885,0.9791666865348816,0.051306501030921936,0.9833333492279053,9.999999747378752e-05
0.05197684094309807,0.9791666865348816,0.050892457365989685,0.9833333492279053,9.999999747378752e-05
0.05191469192504883,0.9791666865348816,0.050618838518857956,0.9833333492279053,9.999999747378752e-05
0.05115443468093872,0.9791666865348816,0.05013907328248024,0.9833333492279053,9.999999747378752e-05
0.05086755380034447,0.9791666865348816,0.04964413121342659,0.9833333492279053,9.999999747378752e-05
0.050434213131666183,0.9791666865348816,0.04922539368271828,0.9833333492279053,9.999999747378752e-05
0.049946922808885574,0.9791666865348816,0.04883311316370964,0.9833333492279053,9.999999747378752e-05
0.049512580037117004,0.9791666865348816,0.04847509786486626,0.9833333492279053,9.999999747378752e-05
0.049119386821985245,0.9791666865348816,0.04811159148812294,0.9833333492279053,9.999999747378752e-05
0.04871940612792969,0.9791666865348816,0.047715988010168076,0.9833333492279053,9.999999747378752e-05
0.04833826422691345,0.9791666865348816,0.04729611054062843,0.9833333492279053,9.999999747378752e-05
0.047939807176589966,0.9791666865348816,0.046897318214178085,0.9833333492279053,9.999999747378752e-05
0.04751861095428467,0.9791666865348816,0.046527180820703506,0.9833333492279053,9.999999747378752e-05
0.04742829129099846,0.9791666865348816,0.04624852165579796,0.9833333492279053,9.999999747378752e-05
0.04683909937739372,0.9791666865348816,0.0457908920943737,0.9833333492279053,9.999999747378752e-05
0.04650094732642174,0.9791666865348816,0.045389000326395035,0.9833333492279053,9.999999747378752e-05
0.04605657234787941,0.9791666865348816,0.045039452612400055,0.9833333492279053,9.999999747378752e-05
0.04570448398590088,0.9791666865348816,0.0447201281785965,0.9833333492279053,9.999999747378752e-05
0.0453692190349102,0.9791666865348816,0.04440736025571823,0.9833333492279053,9.999999747378752e-05
0.044983427971601486,0.9791666865348816,0.0440484993159771,0.9833333492279053,9.999999747378752e-05
0.044575273990631104,0.9791666865348816,0.043668873608112335,0.9833333492279053,9.999999747378752e-05
0.04426125809550285,0.9791666865348816,0.04326979070901871,0.9833333492279053,9.999999747378752e-05
0.043930236250162125,0.9791666865348816,0.04293719679117203,0.9833333492279053,9.999999747378752e-05
0.0435505174100399,0.9791666865348816,0.04259427636861801,0.9833333492279053,9.999999747378752e-05
0.04323660954833031,0.9791666865348816,0.042242102324962616,0.9833333492279053,9.999999747378752e-05
0.04286983609199524,0.9791666865348816,0.04194285720586777,0.9833333492279053,9.999999747378752e-05
0.042576804757118225,0.9791666865348816,0.04164577275514603,0.9833333492279053,9.999999747378752e-05
0.042261991649866104,0.9791666865348816,0.041265424340963364,0.9833333492279053,9.999999747378752e-05
0.04185231402516365,0.9791666865348816,0.04095077142119408,0.9833333492279053,9.999999747378752e-05
0.04158862307667732,0.9791666865348816,0.04067959636449814,0.9833333492279053,9.999999747378752e-05
0.04121377691626549,0.9791666865348816,0.04033762589097023,0.9833333492279053,9.999999747378752e-05
0.04091222584247589,0.9895833134651184,0.03999517858028412,0.9916666746139526,9.999999747378752e-05
0.04061402752995491,0.9791666865348816,0.039701592177152634,0.9916666746139526,9.999999747378752e-05
0.04024958238005638,0.9895833134651184,0.03938889503479004,0.9916666746139526,9.999999747378752e-05
0.03998205065727234,0.9895833134651184,0.039113666862249374,0.9916666746139526,9.999999747378752e-05
0.03963503614068031,0.9895833134651184,0.03877488523721695,0.9916666746139526,9.999999747378752e-05
0.039461925625801086,0.9895833134651184,0.03844073787331581,0.9916666746139526,9.999999747378752e-05
0.03905542939901352,0.9895833134651184,0.038177959620952606,0.9916666746139526,9.999999747378752e-05
0.03875603526830673,0.9895833134651184,0.037918489426374435,0.9916666746139526,9.999999747378752e-05
0.03848027065396309,0.9895833134651184,0.03760305419564247,0.9916666746139526,9.999999747378752e-05
0.038188911974430084,0.9895833134651184,0.03729049861431122,0.9916666746139526,9.999999747378752e-05
0.03787905350327492,0.9895833134651184,0.03702603280544281,0.9916666746139526,9.999999747378752e-05
0.03754371777176857,0.9895833134651184,0.03674386441707611,0.9916666746139526,9.999999747378752e-05
0.03730073198676109,0.9895833134651184,0.03645440563559532,0.9916666746139526,9.999999747378752e-05
0.03699454292654991,0.9895833134651184,0.036177318543195724,0.9916666746139526,9.999999747378752e-05
0.036718908697366714,0.9895833134651184,0.03588641807436943,0.9916666746139526,9.999999747378752e-05
0.03643419221043587,0.9895833134651184,0.03563685715198517,0.9916666746139526,9.999999747378752e-05
0.036159951239824295,0.9895833134651184,0.03537170961499214,0.9916666746139526,9.999999747378752e-05
0.03591352701187134,0.9895833134651184,0.03510495647788048,0.9916666746139526,9.999999747378752e-05
0.035605210810899734,0.9895833134651184,0.03483355790376663,0.9916666746139526,9.999999747378752e-05
0.03536351025104523,0.9895833134651184,0.03455916792154312,1.0,9.999999747378752e-05
0.035071633756160736,1.0,0.03429191932082176,1.0,9.999999747378752e-05
0.03484857454895973,1.0,0.0340392142534256,1.0,9.999999747378752e-05
0.034648578613996506,0.9895833134651184,0.03383819758892059,0.9916666746139526,9.999999747378752e-05
0.03429046645760536,1.0,0.03356949985027313,1.0,9.999999747378752e-05
0.03405660390853882,1.0,0.0332975797355175,1.0,9.999999747378752e-05
0.033837903290987015,1.0,0.033016372472047806,1.0,9.999999747378752e-05
0.033746592700481415,1.0,0.03275338187813759,1.0,9.999999747378752e-05
0.033326443284749985,1.0,0.032533321529626846,1.0,9.999999747378752e-05
0.0330505333840847,1.0,0.03232160210609436,1.0,9.999999747378752e-05
0.03280426561832428,1.0,0.032079633325338364,1.0,9.999999747378752e-05
0.03256633132696152,1.0,0.03184874355792999,1.0,9.999999747378752e-05
0.03232235461473465,1.0,0.03162112087011337,1.0,9.999999747378752e-05
0.032193221151828766,1.0,0.031345196068286896,1.0,9.999999747378752e-05
0.031858984380960464,1.0,0.031136106699705124,1.0,9.999999747378752e-05
0.03161199390888214,1.0,0.030917000025510788,1.0,9.999999747378752e-05
0.03141019120812416,1.0,0.030713558197021484,1.0,9.999999747378752e-05
0.031220441684126854,1.0,0.03044314868748188,1.0,9.999999747378752e-05
0.030967215076088905,1.0,0.030218226835131645,1.0,9.999999747378752e-05
0.030771741643548012,1.0,0.02998020313680172,1.0,9.999999747378752e-05
0.030497416853904724,1.0,0.029793022200465202,1.0,9.999999747378752e-05
0.030267173424363136,1.0,0.02960222214460373,1.0,9.999999747378752e-05
0.030087145045399666,1.0,0.029369449242949486,1.0,9.999999747378752e-05
0.02986598014831543,1.0,0.029134728014469147,1.0,9.999999747378752e-05
0.029610661789774895,1.0,0.028937725350260735,1.0,9.999999747378752e-05
0.029424592852592468,1.0,0.028721602633595467,1.0,9.999999747378752e-05
0.029200749471783638,1.0,0.028516976162791252,1.0,9.999999747378752e-05
0.028998762369155884,1.0,0.02832256630063057,1.0,9.999999747378752e-05
0.02881554700434208,1.0,0.02811262011528015,1.0,9.999999747378752e-05
0.02859051339328289,1.0,0.027918605133891106,1.0,9.999999747378752e-05
0.028392471373081207,1.0,0.027754558250308037,1.0,9.999999747378752e-05
0.028235333040356636,1.0,0.027522871270775795,1.0,9.999999747378752e-05
0.0279716644436121,1.0,0.027324790135025978,1.0,9.999999747378752e-05
0.027832215651869774,1.0,0.02716883085668087,1.0,9.999999747378752e-05
0.027589745819568634,1.0,0.026941029354929924,1.0,9.999999747378752e-05
0.027379078790545464,1.0,0.026747457683086395,1.0,9.999999747378752e-05
0.02719729207456112,1.0,0.026567276567220688,1.0,9.999999747378752e-05
0.0269988551735878,1.0,0.02636585384607315,1.0,9.999999747378752e-05
0.02682262472808361,1.0,0.026169294491410255,1.0,9.999999747378752e-05
0.02666248381137848,1.0,0.025984015315771103,1.0,9.999999747378752e-05
0.026485184207558632,1.0,0.025812489911913872,1.0,9.999999747378752e-05
0.02630743384361267,1.0,0.02566823549568653,1.0,9.999999747378752e-05
0.026127131655812263,1.0,0.02544606290757656,1.0,9.999999747378752e-05
0.025885261595249176,1.0,0.025273432955145836,1.0,9.999999747378752e-05
0.025714559480547905,1.0,0.02510388009250164,1.0,9.999999747378752e-05
0.02553129941225052,1.0,0.02493293769657612,1.0,9.999999747378752e-05
0.025376254692673683,1.0,0.024740712717175484,1.0,9.999999747378752e-05
0.025269433856010437,1.0,0.024554703384637833,1.0,9.999999747378752e-05
0.025041937828063965,1.0,0.02441610023379326,1.0,9.999999747378752e-05
0.02490614913403988,1.0,0.02428732067346573,1.0,9.999999747378752e-05
0.024673128500580788,1.0,0.02411419339478016,1.0,9.999999747378752e-05
0.024515485391020775,1.0,0.02390824444591999,1.0,9.999999747378752e-05
0.024333348497748375,1.0,0.02375325746834278,1.0,9.999999747378752e-05
0.0241677388548851,1.0,0.02357763983309269,1.0,9.999999747378752e-05
0.024028167128562927,1.0,0.023397423326969147,1.0,9.999999747378752e-05
0.023858683183789253,1.0,0.02323705144226551,1.0,9.999999747378752e-05
0.023743845522403717,1.0,0.023071547970175743,1.0,9.999999747378752e-05
0.02361321449279785,1.0,0.022958004847168922,1.0,9.999999747378752e-05
0.023375235497951508,1.0,0.02282283827662468,1.0,9.999999747378752e-05
0.02320089004933834,1.0,0.02264244481921196,1.0,9.999999747378752e-05
0.023036770522594452,1.0,0.022497426718473434,1.0,9.999999747378752e-05
0.02297678031027317,1.0,0.022302893921732903,1.0,9.999999747378752e-05
0.02273850329220295,1.0,0.022158609703183174,1.0,9.999999747378752e-05
0.02257145754992962,1.0,0.02201860025525093,1.0,9.999999747378752e-05
0.02242925763130188,1.0,0.02188207022845745,1.0,9.999999747378752e-05
0.022285358980298042,1.0,0.021743956953287125,1.0,9.999999747378752e-05
0.022181672975420952,1.0,0.021564554423093796,1.0,9.999999747378752e-05
0.02198757790029049,1.0,0.02142154984176159,1.0,9.999999747378752e-05
0.021859774366021156,1.0,0.0213069636374712,1.0,9.999999747378752e-05
0.021715836599469185,1.0,0.021141119301319122,1.0,9.999999747378752e-05
0.02155805379152298,1.0,0.02098900079727173,1.0,9.999999747378752e-05
0.021397041156888008,1.0,0.020858051255345345,1.0,9.999999747378752e-05
0.021267637610435486,1.0,0.02073993720114231,1.0,9.999999747378752e-05
0.021122971549630165,1.0,0.020608501508831978,1.0,9.999999747378752e-05
0.020973624661564827,1.0,0.020462127402424812,1.0,9.999999747378752e-05
0.02084590308368206,1.0,0.020318711176514626,1.0,9.999999747378752e-05
0.020719071850180626,1.0,0.020195236429572105,1.0,9.999999747378752e-05
0.020639223977923393,1.0,0.02002272568643093,1.0,9.999999747378752e-05
0.02043483406305313,1.0,0.019899236038327217,1.0,9.999999747378752e-05
0.020331425592303276,1.0,0.01979210413992405,1.0,9.999999747378752e-05
0.02016349323093891,1.0,0.019647974520921707,1.0,9.999999747378752e-05
0.020059166476130486,1.0,0.019500944763422012,1.0,9.999999747378752e-05
0.019942672923207283,1.0,0.019395222887396812,1.0,9.999999747378752e-05
0.01977992244064808,1.0,0.019275503233075142,1.0,9.999999747378752e-05
0.019656751304864883,1.0,0.019157273694872856,1.0,9.999999747378752e-05
0.01952110230922699,1.0,0.0190231092274189,1.0,9.999999747378752e-05
0.019447918981313705,1.0,0.01887056976556778,1.0,9.999999747378752e-05
0.01927386038005352,1.0,0.018742108717560768,1.0,9.999999747378752e-05
0.019145458936691284,1.0,0.01862497441470623,1.0,9.999999747378752e-05
0.019011525437235832,1.0,0.018512707203626633,1.0,9.999999747378752e-05
0.018930993974208832,1.0,0.01841583102941513,1.0,9.999999747378752e-05
0.018791520968079567,1.0,0.018275868147611618,1.0,9.999999747378752e-05
0.018674394115805626,1.0,0.018145931884646416,1.0,9.999999747378752e-05
0.01854144223034382,1.0,0.018046360462903976,1.0,9.999999747378752e-05
0.01841157302260399,1.0,0.017925871536135674,1.0,9.999999747378752e-05
0.018306659534573555,1.0,0.017804881557822227,1.0,9.999999747378752e-05
0.018178293481469154,1.0,0.017686665058135986,1.0,9.999999747378752e-05
0.018064038828015327,1.0,0.017574317753314972,1.0,9.999999747378752e-05
0.017967546358704567,1.0,0.01747148297727108,1.0,9.999999747378752e-05
0.017840387299656868,1.0,0.01736224815249443,1.0,9.999999747378752e-05
0.01775498501956463,1.0,0.017274660989642143,1.0,9.999999747378752e-05
0.017623184248805046,1.0,0.017137888818979263,1.0,9.999999747378752e-05
0.017518237233161926,1.0,0.017045442014932632,1.0,9.999999747378752e-05
0.017397427931427956,1.0,0.016913291066884995,1.0,9.999999747378752e-05
0.017290392890572548,1.0,0.016794566065073013,1.0,9.999999747378752e-05
0.01716223917901516,1.0,0.01669333502650261,1.0,9.999999747378752e-05
0.017060650512576103,1.0,0.016587810590863228,1.0,9.999999747378752e-05
0.01695275865495205,1.0,0.01647944562137127,1.0,9.999999747378752e-05
0.016844376921653748,1.0,0.016393467783927917,1.0,9.999999747378752e-05
0.01674795150756836,1.0,0.01630711555480957,1.0,9.999999747378752e-05
0.016640085726976395,1.0,0.016184326261281967,1.0,9.999999747378752e-05
0.016557881608605385,1.0,0.016099732369184494,1.0,9.999999747378752e-05
0.016474368050694466,1.0,0.015968145802617073,1.0,9.999999747378752e-05
0.0163261815905571,1.0,0.015874560922384262,1.0,9.999999747378752e-05
0.016218803822994232,1.0,0.015780776739120483,1.0,9.999999747378752e-05
0.01612013950943947,1.0,0.015671180561184883,1.0,9.999999747378752e-05
0.016023002564907074,1.0,0.01558391097933054,1.0,9.999999747378752e-05
0.01591682620346546,1.0,0.015482302755117416,1.0,9.999999747378752e-05
0.01586151123046875,1.0,0.015367506071925163,1.0,9.999999747378752e-05
0.015719478949904442,1.0,0.015274806879460812,1.0,9.999999747378752e-05
0.01564609631896019,1.0,0.015196707099676132,1.0,9.999999747378752e-05
0.01553070917725563,1.0,0.015101071447134018,1.0,9.999999747378752e-05
0.01542664784938097,1.0,0.015011249110102654,1.0,9.999999747378752e-05
0.015359506942331791,1.0,0.014904290437698364,1.0,9.999999747378752e-05
0.01526245754212141,1.0,0.01480071246623993,1.0,9.999999747378752e-05
0.015149951912462711,1.0,0.014721429906785488,1.0,9.999999747378752e-05
0.015056167729198933,1.0,0.014636999927461147,1.0,9.999999747378752e-05
0.014966939575970173,1.0,0.014539201743900776,1.0,9.999999747378752e-05
0.01487238984555006,1.0,0.014446696266531944,1.0,9.999999747378752e-05
0.014770018868148327,1.0,0.014362421818077564,1.0,9.999999747378752e-05
0.01471323985606432,1.0,0.014268564991652966,1.0,9.999999747378752e-05
0.014654445461928844,1.0,0.014206276275217533,1.0,9.999999747378752e-05
0.014520269818603992,1.0,0.014104047790169716,1.0,9.999999747378752e-05
0.01441919431090355,1.0,0.014022806659340858,1.0,9.999999747378752e-05
0.014340325258672237,1.0,0.013926813378930092,1.0,9.999999747378752e-05
0.014248008839786053,1.0,0.01384600531309843,1.0,9.999999747378752e-05
0.014161832630634308,1.0,0.01375989057123661,1.0,9.999999747378752e-05
0.014080625958740711,1.0,0.013667916879057884,1.0,9.999999747378752e-05
0.013989229686558247,1.0,0.01358924899250269,1.0,9.999999747378752e-05
0.013903863728046417,1.0,0.013508236967027187,1.0,9.999999747378752e-05
0.013821146450936794,1.0,0.013430476188659668,1.0,9.999999747378752e-05
0.013756930828094482,1.0,0.013358847238123417,1.0,9.999999747378752e-05
0.01367222610861063,1.0,0.013275383040308952,1.0,9.999999747378752e-05
0.01357414573431015,1.0,0.01319000031799078,1.0,9.999999747378752e-05
0.013501535169780254,1.0,0.013094594702124596,1.0,9.999999747378752e-05
0.013414871878921986,1.0,0.013022799976170063,1.0,9.999999747378752e-05
0.013325502164661884,1.0,0.012942702509462833,1.0,9.999999747378752e-05
0.013261678628623486,1.0,0.012871142476797104,1.0,9.999999747378752e-05
0.013203670270740986,1.0,0.01278020441532135,1.0,9.999999747378752e-05
0.013100584037601948,1.0,0.012701904401183128,1.0,9.999999747378752e-05
0.0130150793120265,1.0,0.012630653567612171,1.0,9.999999747378752e-05
0.01293001789599657,1.0,0.012562389485538006,1.0,9.999999747378752e-05
0.01286708191037178,1.0,0.012493988499045372,1.0,9.999999747378752e-05
0.01279053557664156,1.0,0.01241309568285942,1.0,9.999999747378752e-05
0.01271422952413559,1.0,0.012333479709923267,1.0,9.999999747378752e-05
0.012664307840168476,1.0,0.01228217501193285,1.0,9.999999747378752e-05
0.012576758861541748,1.0,0.012212415225803852,1.0,9.999999747378752e-05
0.012488603591918945,1.0,0.012122275307774544,1.0,9.999999747378752e-05
0.012414731085300446,1.0,0.012043098919093609,1.0,9.999999747378752e-05
0.012349982745945454,1.0,0.011976017616689205,1.0,9.999999747378752e-05
0.012276696972548962,1.0,0.011904869228601456,1.0,9.999999747378752e-05
0.012195936404168606,1.0,0.011828554794192314,1.0,9.999999747378752e-05
0.012150652706623077,1.0,0.01175048016011715,1.0,9.999999747378752e-05
0.012059260159730911,1.0,0.011685822159051895,1.0,9.999999747378752e-05
0.011977791786193848,1.0,0.011621609330177307,1.0,9.999999747378752e-05
0.011910977773368359,1.0,0.011554352007806301,1.0,9.999999747378752e-05
0.011855483055114746,1.0,0.011495222337543964,1.0,9.999999747378752e-05
0.011777943931519985,1.0,0.011423247866332531,1.0,9.999999747378752e-05
0.011712856590747833,1.0,0.011365906335413456,1.0,9.999999747378752e-05
0.011644317768514156,1.0,0.01129155233502388,1.0,9.999999747378752e-05
0.011565804481506348,1.0,0.011220946907997131,1.0,9.999999747378752e-05
0.01150088757276535,1.0,0.011153427883982658,1.0,9.999999747378752e-05
0.011430691927671432,1.0,0.011090785264968872,1.0,9.999999747378752e-05
0.011380479671061039,1.0,0.011028402484953403,1.0,9.999999747378752e-05
0.011307098902761936,1.0,0.010957274585962296,1.0,9.999999747378752e-05
0.011232196353375912,1.0,0.01089687179774046,1.0,9.999999747378752e-05
0.011186894029378891,1.0,0.010825365781784058,1.0,9.999999747378752e-05
0.011125602759420872,1.0,0.010760880075395107,1.0,9.999999747378752e-05
0.011060837656259537,1.0,0.010712435469031334,1.0,9.999999747378752e-05
0.010982983745634556,1.0,0.010648725554347038,1.0,9.999999747378752e-05
0.010920673608779907,1.0,0.010591200552880764,1.0,9.999999747378752e-05
0.010869522579014301,1.0,0.010518753901124,1.0,9.999999747378752e-05
0.010797087103128433,1.0,0.01046490203589201,1.0,9.999999747378752e-05
0.01073179766535759,1.0,0.010403837077319622,1.0,9.999999747378752e-05
0.010682954452931881,1.0,0.010338363237679005,1.0,9.999999747378752e-05
0.010607040487229824,1.0,0.010286171920597553,1.0,9.999999747378752e-05
0.01057432685047388,1.0,0.010240514762699604,1.0,9.999999747378752e-05
0.01049118209630251,1.0,0.010179887525737286,1.0,9.999999747378752e-05
0.010468750260770321,1.0,0.01010128390043974,1.0,9.999999747378752e-05
0.01038924977183342,1.0,0.010038424283266068,1.0,9.999999747378752e-05
0.0103145157918334,1.0,0.00998267624527216,1.0,9.999999747378752e-05
0.010258114896714687,1.0,0.009928486309945583,1.0,9.999999747378752e-05
0.010193460620939732,1.0,0.009874979965388775,1.0,9.999999747378752e-05
0.010140336118638515,1.0,0.0098298080265522,1.0,9.999999747378752e-05
0.010083051398396492,1.0,0.009768237359821796,1.0,9.999999747378752e-05
0.010025547817349434,1.0,0.009712942875921726,1.0,9.999999747378752e-05
0.009965716861188412,1.0,0.009657647460699081,1.0,9.999999747378752e-05
0.009911671280860901,1.0,0.009606312960386276,1.0,9.999999747378752e-05
0.009855217300355434,1.0,0.009554927237331867,1.0,9.999999747378752e-05
0.009803344495594501,1.0,0.009497090242803097,1.0,9.999999747378752e-05
0.009764784947037697,1.0,0.009435716085135937,1.0,9.999999747378752e-05
0.009690862149000168,1.0,0.00938719604164362,1.0,9.999999747378752e-05
0.009637732990086079,1.0,0.009334484115242958,1.0,9.999999747378752e-05
0.009622563607990742,1.0,0.009298056364059448,1.0,9.999999747378752e-05
0.009550332091748714,1.0,0.009227829985320568,1.0,9.999999747378752e-05
0.00947746355086565,1.0,0.009174049831926823,1.0,9.999999747378752e-05
0.00942738726735115,1.0,0.009127809666097164,1.0,9.999999747378752e-05
0.00939869787544012,1.0,0.009065449237823486,1.0,9.999999747378752e-05
0.009319338016211987,1.0,0.009020864963531494,1.0,9.999999747378752e-05
0.00927829835563898,1.0,0.008979466743767262,1.0,9.999999747378752e-05
0.00922357477247715,1.0,0.008928382769227028,1.0,9.999999747378752e-05
0.009173900820314884,1.0,0.008871831931173801,1.0,9.999999747378752e-05
0.009120762348175049,1.0,0.008819042704999447,1.0,9.999999747378752e-05
0.009071415290236473,1.0,0.008779014460742474,1.0,9.999999747378752e-05
0.009055675938725471,1.0,0.008718549273908138,1.0,9.999999747378752e-05
0.008972897194325924,1.0,0.008680719882249832,1.0,9.999999747378752e-05
0.008926895447075367,1.0,0.008628521114587784,1.0,9.999999747378752e-05
0.00888036098331213,1.0,0.008590037003159523,1.0,9.999999747378752e-05
0.008818483911454678,1.0,0.008547860197722912,1.0,9.999999747378752e-05
0.008781305514276028,1.0,0.00848891120404005,1.0,9.999999747378752e-05
0.0087222158908844,1.0,0.008438578806817532,1.0,9.999999747378752e-05
0.008702360093593597,1.0,0.008405359461903572,1.0,9.999999747378752e-05
0.008624779991805553,1.0,0.008354011923074722,1.0,9.999999747378752e-05
0.008579202927649021,1.0,0.008302544243633747,1.0,9.999999747378752e-05
0.008530575782060623,1.0,0.008254925720393658,1.0,9.999999747378752e-05
0.008484596386551857,1.0,0.008207561448216438,1.0,9.999999747378752e-05
0.008455085568130016,1.0,0.008167971856892109,1.0,9.999999747378752e-05
0.008393965661525726,1.0,0.008119436912238598,1.0,9.999999747378752e-05
0.008356026373803616,1.0,0.008079751394689083,1.0,9.999999747378752e-05
0.008303805254399776,1.0,0.008032701909542084,1.0,9.999999747378752e-05
0.008256678469479084,1.0,0.007988116703927517,1.0,9.999999747378752e-05
0.008214334025979042,1.0,0.007944530807435513,1.0,9.999999747378752e-05
0.008174240589141846,1.0,0.007907050661742687,1.0,9.999999747378752e-05
0.00815319363027811,1.0,0.007851913571357727,1.0,9.999999747378752e-05
0.00812057126313448,1.0,0.007824019528925419,1.0,9.999999747378752e-05
0.008062989450991154,1.0,0.007791765499860048,1.0,9.999999747378752e-05
0.007997773587703705,1.0,0.007736958563327789,1.0,9.999999747378752e-05
0.00794625747948885,1.0,0.007690328173339367,1.0,9.999999747378752e-05
0.007920718751847744,1.0,0.007641862146556377,1.0,9.999999747378752e-05
0.007869224064052105,1.0,0.007603016681969166,1.0,9.999999747378752e-05
0.007828646339476109,1.0,0.007566726300865412,1.0,9.999999747378752e-05
0.007780088577419519,1.0,0.007524976506829262,1.0,9.999999747378752e-05
0.007740229833871126,1.0,0.007482710760086775,1.0,9.999999747378752e-05
0.007700312417000532,1.0,0.007439959328621626,1.0,9.999999747378752e-05
0.0076583256013691425,1.0,0.007407061289995909,1.0,9.999999747378752e-05
0.007618788164108992,1.0,0.0073653473518788815,1.0,9.999999747378752e-05
0.007580316159874201,1.0,0.007323094177991152,1.0,9.999999747378752e-05
0.007544083520770073,1.0,0.00728344451636076,1.0,9.999999747378752e-05
0.007496486883610487,1.0,0.007244879379868507,1.0,9.999999747378752e-05
0.007463777903467417,1.0,0.007204386871308088,1.0,9.999999747378752e-05
0.007416562642902136,1.0,0.0071722096763551235,1.0,9.999999747378752e-05
0.007384518627077341,1.0,0.007142644841223955,1.0,9.999999747378752e-05
0.0073622348718345165,1.0,0.007096285466104746,1.0,9.999999747378752e-05
0.007297344505786896,1.0,0.007058451417833567,1.0,9.999999747378752e-05
0.007256373297423124,1.0,0.007022553589195013,1.0,9.999999747378752e-05
0.007223047781735659,1.0,0.006987180095165968,1.0,9.999999747378752e-05
0.007186552044004202,1.0,0.006945739034563303,1.0,9.999999747378752e-05
0.007151089143007994,1.0,0.006911163218319416,1.0,9.999999747378752e-05
0.007112633902579546,1.0,0.006871677469462156,1.0,9.999999747378752e-05
0.007088517304509878,1.0,0.006830098107457161,1.0,9.999999747378752e-05
0.007034644018858671,1.0,0.006798313930630684,1.0,9.999999747378752e-05
0.006999695207923651,1.0,0.0067609460093081,1.0,9.999999747378752e-05
0.006965660955756903,1.0,0.006733251735568047,1.0,9.999999747378752e-05
0.006924315821379423,1.0,0.006698531564325094,1.0,9.999999747378752e-05
0.006888579577207565,1.0,0.006661718711256981,1.0,9.999999747378752e-05
0.006866876035928726,1.0,0.006618200335651636,1.0,9.999999747378752e-05
0.006820413749665022,1.0,0.006587909534573555,1.0,9.999999747378752e-05
0.006795248482376337,1.0,0.0065469518303871155,1.0,9.999999747378752e-05
0.006744581740349531,1.0,0.006515958812087774,1.0,9.999999747378752e-05
0.006713034585118294,1.0,0.006483710370957851,1.0,9.999999747378752e-05
0.006674684584140778,1.0,0.0064508747309446335,1.0,9.999999747378752e-05
0.006639417260885239,1.0,0.006420372985303402,1.0,9.999999747378752e-05
0.006615025922656059,1.0,0.006380909588187933,1.0,9.999999747378752e-05
0.006574397440999746,1.0,0.0063477251678705215,1.0,9.999999747378752e-05
0.006538085639476776,1.0,0.006315293256193399,1.0,9.999999747378752e-05
0.006503030192106962,1.0,0.006284262519329786,1.0,9.999999747378752e-05
0.006471194326877594,1.0,0.006252203602343798,1.0,9.999999747378752e-05
0.006443968508392572,1.0,0.0062153819017112255,1.0,9.999999747378752e-05
0.006418054923415184,1.0,0.006180769298225641,1.0,9.999999747378752e-05
0.006376831326633692,1.0,0.006157245021313429,1.0,9.999999747378752e-05
0.006336981430649757,1.0,0.006124514155089855,1.0,9.999999747378752e-05
0.006305882707238197,1.0,0.0060921828262507915,1.0,9.999999747378752e-05
0.006275085266679525,1.0,0.006065377965569496,1.0,9.999999747378752e-05
0.006240775343030691,1.0,0.0060338652692735195,1.0,9.999999747378752e-05
0.006222320254892111,1.0,0.006009323056787252,1.0,9.999999747378752e-05
0.006182623561471701,1.0,0.005971667356789112,1.0,9.999999747378752e-05
0.006145355757325888,1.0,0.005936427041888237,1.0,9.999999747378752e-05
0.006120497826486826,1.0,0.005900479853153229,1.0,9.999999747378752e-05
0.006083393003791571,1.0,0.005869404412806034,1.0,9.999999747378752e-05
0.006055219564586878,1.0,0.005842308048158884,1.0,9.999999747378752e-05
0.006021810229867697,1.0,0.005811631679534912,1.0,9.999999747378752e-05
0.0059923999942839146,1.0,0.005782251711934805,1.0,9.999999747378752e-05
0.00596451573073864,1.0,0.005750670563429594,1.0,9.999999747378752e-05
0.005927691236138344,1.0,0.005724275950342417,1.0,9.999999747378752e-05
0.005902344826608896,1.0,0.005699688568711281,1.0,9.999999747378752e-05
0.005875828210264444,1.0,0.00567643390968442,1.0,9.999999747378752e-05
0.005838357377797365,1.0,0.0056441063061356544,1.0,9.999999747378752e-05
0.005814329255372286,1.0,0.005609987769275904,1.0,9.999999747378752e-05
0.005779953673481941,1.0,0.005582092795521021,1.0,9.999999747378752e-05
0.005761141423135996,1.0,0.00555894011631608,1.0,9.999999747378752e-05
0.005738443229347467,1.0,0.0055228048004209995,1.0,9.999999747378752e-05
0.005696306005120277,1.0,0.005491970106959343,1.0,9.999999747378752e-05
0.005662664771080017,1.0,0.005464821122586727,1.0,9.999999747378752e-05
0.005643767770379782,1.0,0.005435307044535875,1.0,9.999999747378752e-05
0.005612589418888092,1.0,0.00541311502456665,1.0,9.999999747378752e-05
0.00559533154591918,1.0,0.0053808377124369144,1.0,9.999999747378752e-05
0.005555479321628809,1.0,0.005360535345971584,1.0,9.999999747378752e-05
0.0055368863977491856,1.0,0.005343936383724213,1.0,9.999999747378752e-05
0.005508072208613157,1.0,0.005307451356202364,1.0,9.999999747378752e-05
0.0054814438335597515,1.0,0.0052834730595350266,1.0,9.999999747378752e-05
0.0054406640119850636,1.0,0.005253676790744066,1.0,9.999999747378752e-05
0.005417002830654383,1.0,0.005222749896347523,1.0,9.999999747378752e-05
0.0053862459026277065,1.0,0.005196896847337484,1.0,9.999999747378752e-05
0.005377232562750578,1.0,0.005166088696569204,1.0,9.999999747378752e-05
0.005334035959094763,1.0,0.005143775139003992,1.0,9.999999747378752e-05
0.00530960550531745,1.0,0.005123485811054707,1.0,9.999999747378752e-05
0.0052817692048847675,1.0,0.005101113114506006,1.0,9.999999747378752e-05
0.005254082381725311,1.0,0.005076295230537653,1.0,9.999999747378752e-05
0.005234817508608103,1.0,0.005043431185185909,1.0,9.999999747378752e-05
0.005202056840062141,1.0,0.005020665470510721,1.0,9.999999747378752e-05
0.005175957456231117,1.0,0.004992485977709293,1.0,9.999999747378752e-05
0.005147615913301706,1.0,0.004968217108398676,1.0,9.999999747378752e-05
0.0051238052546978,1.0,0.0049424199387431145,1.0,9.999999747378752e-05
0.005098006222397089,1.0,0.004918224643915892,1.0,9.999999747378752e-05
0.005074698012322187,1.0,0.004892486147582531,1.0,9.999999747378752e-05
0.005045099649578333,1.0,0.004870806820690632,1.0,9.999999747378752e-05
0.005022714380174875,1.0,0.004847914446145296,1.0,9.999999747378752e-05
0.0050259907729923725,1.0,0.004831420723348856,1.0,9.999999747378752e-05
0.004978397395461798,1.0,0.004801598843187094,1.0,9.999999747378752e-05
0.00495001720264554,1.0,0.004777244292199612,1.0,9.999999747378752e-05
0.0049257888458669186,1.0,0.004751325584948063,1.0,9.999999747378752e-05
0.004909106995910406,1.0,0.004723242949694395,1.0,9.999999747378752e-05
0.00487939640879631,1.0,0.004698637407273054,1.0,9.999999747378752e-05
0.004853022284805775,1.0,0.00467692269012332,1.0,9.999999747378752e-05
0.004833840299397707,1.0,0.004653774201869965,1.0,9.999999747378752e-05
0.004810674581676722,1.0,0.004635480232536793,1.0,9.999999747378752e-05
0.004781804513186216,1.0,0.004615337122231722,1.0,9.999999747378752e-05
0.004757145419716835,1.0,0.00459295092150569,1.0,9.999999747378752e-05
0.00473617622628808,1.0,0.004570864140987396,1.0,9.999999747378752e-05
0.004713708069175482,1.0,0.0045470623299479485,1.0,9.999999747378752e-05
0.004697356838732958,1.0,0.004522647242993116,1.0,9.999999747378752e-05
0.0046653286553919315,1.0,0.004500695038586855,1.0,9.999999747378752e-05
0.004642902873456478,1.0,0.004478412214666605,1.0,9.999999747378752e-05
0.004625340458005667,1.0,0.004454504232853651,1.0,9.999999747378752e-05
0.004599482286721468,1.0,0.004433759022504091,1.0,9.999999747378752e-05
0.004579896107316017,1.0,0.0044155423529446125,1.0,9.999999747378752e-05
0.00455256225541234,1.0,0.004394302610307932,1.0,9.999999747378752e-05
0.004535723477602005,1.0,0.0043760607950389385,1.0,9.999999747378752e-05
0.0045083630830049515,1.0,0.004353185649961233,1.0,9.999999747378752e-05
0.0044952682219445705,1.0,0.004334214609116316,1.0,9.999999747378752e-05
0.0044654314406216145,1.0,0.004311253782361746,1.0,9.999999747378752e-05
0.004445198457688093,1.0,0.0042877765372395515,1.0,9.999999747378752e-05
0.004426231142133474,1.0,0.004262454342097044,1.0,9.999999747378752e-05
0.004406607244163752,1.0,0.004239972215145826,1.0,9.999999747378752e-05
0.004384167026728392,1.0,0.0042190756648778915,1.0,9.999999747378752e-05
0.004360100720077753,1.0,0.004200925584882498,1.0,9.999999747378752e-05
0.004337398800998926,1.0,0.004182871896773577,1.0,9.999999747378752e-05
0.004317454528063536,1.0,0.004163452424108982,1.0,9.999999747378752e-05
0.004299655556678772,1.0,0.0041427528485655785,1.0,9.999999747378752e-05
0.0042761084623634815,1.0,0.0041236719116568565,1.0,9.999999747378752e-05
0.004261201713234186,1.0,0.004101857542991638,1.0,9.999999747378752e-05
0.0042359065264463425,1.0,0.004082116298377514,1.0,9.999999747378752e-05
0.0042193797416985035,1.0,0.004060612991452217,1.0,9.999999747378752e-05
0.004196846392005682,1.0,0.004042965825647116,1.0,9.999999747378752e-05
0.004177822265774012,1.0,0.004026998300105333,1.0,9.999999747378752e-05
0.004154229536652565,1.0,0.0040084305219352245,1.0,9.999999747378752e-05
0.004137703683227301,1.0,0.003987396601587534,1.0,9.999999747378752e-05
0.004116205032914877,1.0,0.0039697070606052876,1.0,9.999999747378752e-05
0.0041024587117135525,1.0,0.00394705543294549,1.0,9.999999747378752e-05
0.0040764715522527695,1.0,0.003928460646420717,1.0,9.999999747378752e-05
0.004062064457684755,1.0,0.003912291955202818,1.0,9.999999747378752e-05
0.004038367886096239,1.0,0.0038924389518797398,1.0,9.999999747378752e-05
0.004017916973680258,1.0,0.0038730285596102476,1.0,9.999999747378752e-05
0.003998319152742624,1.0,0.0038558340165764093,1.0,9.999999747378752e-05
0.003982798662036657,1.0,0.00383686157874763,1.0,9.999999747378752e-05
0.003962136339396238,1.0,0.0038191014900803566,1.0,9.999999747378752e-05
0.003944378811866045,1.0,0.003802915569394827,1.0,9.999999747378752e-05
0.003924827557057142,1.0,0.0037821519654244184,1.0,9.999999747378752e-05
0.003908976446837187,1.0,0.003763900836929679,1.0,9.999999747378752e-05
0.00388737372122705,1.0,0.0037467018701136112,1.0,9.999999747378752e-05
0.0038709109649062157,1.0,0.0037270879838615656,1.0,9.999999747378752e-05
0.0038539560046046972,1.0,0.0037125232629477978,1.0,9.999999747378752e-05
0.0038329577073454857,1.0,0.003694801591336727,1.0,9.999999747378752e-05
0.003816599026322365,1.0,0.0036756766494363546,1.0,9.999999747378752e-05
0.0037966615054756403,1.0,0.0036601980682462454,1.0,9.999999747378752e-05
0.0037790441419929266,1.0,0.003643203293904662,1.0,9.999999747378752e-05
0.0037740611005574465,1.0,0.0036209754180163145,1.0,9.999999747378752e-05
0.003748726798221469,1.0,0.003602436976507306,1.0,9.999999747378752e-05
0.003729401156306267,1.0,0.0035872934386134148,1.0,9.999999747378752e-05
0.00371354166418314,1.0,0.003568825777620077,1.0,9.999999747378752e-05
0.0036908378824591637,1.0,0.0035548380110412836,1.0,9.999999747378752e-05
0.0036803018301725388,1.0,0.0035434577148407698,1.0,9.999999747378752e-05
0.003659616457298398,1.0,0.003523728344589472,1.0,9.999999747378752e-05
0.0036433066707104445,1.0,0.00351011217571795,1.0,9.999999747378752e-05
0.003622174495831132,1.0,0.0034920023754239082,1.0,9.999999747378752e-05
0.003605741309002042,1.0,0.00347437197342515,1.0,9.999999747378752e-05
0.0035880806390196085,1.0,0.0034581392537802458,1.0,9.999999747378752e-05
0.003573993919417262,1.0,0.0034430171363055706,1.0,9.999999747378752e-05
0.0035558545496314764,1.0,0.0034261441323906183,1.0,9.999999747378752e-05
0.0035420318599790335,1.0,0.0034079430624842644,1.0,9.999999747378752e-05
0.0035247516352683306,1.0,0.0033936905674636364,1.0,9.999999747378752e-05
0.0035060662776231766,1.0,0.003377311397343874,1.0,9.999999747378752e-05
0.0034981609787791967,1.0,0.0033651823177933693,1.0,9.999999747378752e-05
0.0034758017864078283,1.0,0.0033514234237372875,1.0,9.999999747378752e-05
0.0034594694152474403,1.0,0.0033317427150905132,1.0,9.999999747378752e-05
0.0034423519391566515,1.0,0.0033169095404446125,1.0,9.999999747378752e-05
0.0034253436606377363,1.0,0.0033005508594214916,1.0,9.999999747378752e-05
0.003413930768147111,1.0,0.003286429913714528,1.0,9.999999747378752e-05
0.0033950747456401587,1.0,0.003270263085141778,1.0,9.999999747378752e-05
0.003381944028660655,1.0,0.003256775438785553,1.0,9.999999747378752e-05
0.003363158321008086,1.0,0.003238567616790533,1.0,9.999999747378752e-05
0.0033468741457909346,1.0,0.003222155850380659,1.0,9.999999747378752e-05
0.0033334149047732353,1.0,0.003206315916031599,1.0,9.999999747378752e-05
0.0033170953392982483,1.0,0.0031924406066536903,1.0,9.999999747378752e-05
0.003300245851278305,1.0,0.003178228624165058,1.0,9.999999747378752e-05
0.0032876217737793922,1.0,0.003166354726999998,1.0,9.999999747378752e-05
0.0032704707700759172,1.0,0.003151182783767581,1.0,9.999999747378752e-05
0.0032589079346507788,1.0,0.003134944010525942,1.0,9.999999747378752e-05
0.0032422635704278946,1.0,0.0031201301608234644,1.0,9.999999747378752e-05
0.0032302855979651213,1.0,0.0031091971322894096,1.0,9.999999747378752e-05
0.003211668459698558,1.0,0.003092959988862276,1.0,9.999999747378752e-05
0.003200831590220332,1.0,0.0030785230919718742,1.0,9.999999747378752e-05
0.0031829618383198977,1.0,0.0030641653575003147,1.0,9.999999747378752e-05
0.0031851499807089567,1.0,0.0030555615667253733,1.0,9.999999747378752e-05
0.003171084448695183,1.0,0.0030350619927048683,1.0,9.999999747378752e-05
0.0031377903651446104,1.0,0.0030220935586839914,1.0,9.999999747378752e-05
0.003127823583781719,1.0,0.0030092971865087748,1.0,9.999999747378752e-05
0.003108614357188344,1.0,0.002995514078065753,1.0,9.999999747378752e-05
0.003095932537689805,1.0,0.0029830734711140394,1.0,9.999999747378752e-05
0.003082873299717903,1.0,0.002968510380014777,1.0,9.999999747378752e-05
0.0030681889038532972,1.0,0.0029543531127274036,1.0,9.999999747378752e-05
0.0030559059232473373,1.0,0.0029391355346888304,1.0,9.999999747378752e-05
0.0030406173318624496,1.0,0.002928369212895632,1.0,9.999999747378752e-05
0.003027643309906125,1.0,0.002914775861427188,1.0,9.999999747378752e-05
0.0030134033877402544,1.0,0.0029016148764640093,1.0,9.999999747378752e-05
0.003005013568326831,1.0,0.002885407768189907,1.0,9.999999747378752e-05
0.002983979880809784,1.0,0.0028730568010360003,1.0,9.999999747378752e-05
0.002973293187096715,1.0,0.0028597519267350435,1.0,9.999999747378752e-05
0.0029611794743686914,1.0,0.0028489280957728624,1.0,9.999999747378752e-05
0.002946379827335477,1.0,0.0028368905186653137,1.0,9.999999747378752e-05
0.0029361967463046312,1.0,0.002826220355927944,1.0,9.999999747378752e-05
0.002921983366832137,1.0,0.002810023259371519,1.0,9.999999747378752e-05
0.002907694084569812,1.0,0.00279843807220459,1.0,9.999999747378752e-05
0.0028924765065312386,1.0,0.0027851476334035397,1.0,9.999999747378752e-05
0.0028805152978748083,1.0,0.0027710695285350084,1.0,9.999999747378752e-05
0.002867666073143482,1.0,0.002757613779976964,1.0,9.999999747378752e-05
0.0028544135857373476,1.0,0.0027450716588646173,1.0,9.999999747378752e-05
0.0028455264400690794,1.0,0.002736256457865238,1.0,9.999999747378752e-05
0.002833031350746751,1.0,0.002721369732171297,1.0,9.999999747378752e-05
0.002817190485075116,1.0,0.002709820633754134,1.0,9.999999747378752e-05
0.0028018010780215263,1.0,0.0026986778248101473,1.0,9.999999747378752e-05
0.00279170460999012,1.0,0.0026867936830967665,1.0,9.999999747378752e-05
0.0027800865937024355,1.0,0.002676404081285,1.0,9.999999747378752e-05
0.0027649172116070986,1.0,0.0026631869841367006,1.0,9.999999747378752e-05
0.0027538102585822344,1.0,0.002649408532306552,1.0,9.999999747378752e-05
0.002740919589996338,1.0,0.00263700052164495,1.0,9.999999747378752e-05
0.0027332438621670008,1.0,0.002628202550113201,1.0,9.999999747378752e-05
0.002718510804697871,1.0,0.002614464145153761,1.0,9.999999747378752e-05
0.0027083968743681908,1.0,0.002601098269224167,1.0,9.999999747378752e-05
0.002693709684535861,1.0,0.002590810414403677,1.0,9.999999747378752e-05
0.002681442303583026,1.0,0.0025791788939386606,1.0,9.999999747378752e-05
0.002669507870450616,1.0,0.0025690405163913965,1.0,9.999999747378752e-05
0.002656403696164489,1.0,0.002558264648541808,1.0,9.999999747378752e-05
0.0026474769692867994,1.0,0.0025479982141405344,1.0,9.999999747378752e-05
0.002632841235026717,1.0,0.0025352754164487123,1.0,9.999999747378752e-05
0.002622003899887204,1.0,0.0025222855620086193,1.0,9.999999747378752e-05
0.002610931871458888,1.0,0.0025099501945078373,1.0,9.999999747378752e-05
0.002598373917862773,1.0,0.0025002185720950365,1.0,9.999999747378752e-05
0.002586451591923833,1.0,0.002490936079993844,1.0,9.999999747378752e-05
0.002574223792180419,1.0,0.0024797546211630106,1.0,9.999999747378752e-05
0.0025639233645051718,1.0,0.0024682655930519104,1.0,9.999999747378752e-05
0.002554015489295125,1.0,0.002457248978316784,1.0,9.999999747378752e-05
0.0025409767404198647,1.0,0.0024468558840453625,1.0,9.999999747378752e-05
0.0025310839992016554,1.0,0.0024363500997424126,1.0,9.999999747378752e-05
0.0025193290784955025,1.0,0.0024237772449851036,1.0,9.999999747378752e-05
0.0025079604238271713,1.0,0.002412174129858613,1.0,9.999999747378752e-05
0.0024969635996967554,1.0,0.002402837621048093,1.0,9.999999747378752e-05
0.0024890019558370113,1.0,0.002390302950516343,1.0,9.999999747378752e-05
0.002474947599694133,1.0,0.0023798546753823757,1.0,9.999999747378752e-05
0.002467125654220581,1.0,0.0023721882607787848,1.0,9.999999747378752e-05
0.002454382600262761,1.0,0.0023604535963386297,1.0,9.999999747378752e-05
0.0024437918327748775,1.0,0.002349053742364049,1.0,9.999999747378752e-05
0.0024337104987353086,1.0,0.0023377230390906334,1.0,9.999999747378752e-05
0.002425824524834752,1.0,0.0023306719958782196,1.0,9.999999747378752e-05
0.0024151152465492487,1.0,0.002318470971658826,1.0,9.999999747378752e-05
0.002399691380560398,1.0,0.0023102734703570604,1.0,9.999999747378752e-05
0.0023924626875668764,1.0,0.0022982372902333736,1.0,9.999999747378752e-05
0.0023786909878253937,1.0,0.0022897960152477026,1.0,9.999999747378752e-05
0.002377386437729001,1.0,0.00227719615213573,1.0,9.999999747378752e-05
0.0023598852567374706,1.0,0.0022704636212438345,1.0,9.999999747378752e-05
0.0023495282512158155,1.0,0.002261781832203269,1.0,9.999999747378752e-05
0.002337593352422118,1.0,0.002252233447507024,1.0,9.999999747378752e-05
0.0023270349483937025,1.0,0.002242207759991288,1.0,9.999999747378752e-05
0.0023172833025455475,1.0,0.0022321860305964947,1.0,9.999999747378752e-05
0.002306756330654025,1.0,0.002221021568402648,1.0,9.999999747378752e-05
0.002297386759892106,1.0,0.002211560495197773,1.0,9.999999747378752e-05
0.0022887468803673983,1.0,0.0021995934657752514,1.0,9.999999747378752e-05
0.0022772601805627346,1.0,0.002190008293837309,1.0,9.999999747378752e-05
0.0022672812920063734,1.0,0.0021809241734445095,1.0,9.999999747378752e-05
0.002259615110233426,1.0,0.0021702938247472048,1.0,9.999999747378752e-05
0.002249782206490636,1.0,0.002162430202588439,1.0,9.999999747378752e-05
0.002238596323877573,1.0,0.002154179150238633,1.0,9.999999747378752e-05
0.0022295357193797827,1.0,0.002143125981092453,1.0,9.999999747378752e-05
0.0022279066033661366,1.0,0.0021314641926437616,1.0,9.999999747378752e-05
0.002215747954323888,1.0,0.0021258974447846413,1.0,9.999999747378752e-05
0.0021990081295371056,1.0,0.002116768853738904,1.0,9.999999747378752e-05
0.0021909691859036684,1.0,0.0021083506289869547,1.0,9.999999747378752e-05
0.0021837595850229263,1.0,0.0020975912921130657,1.0,9.999999747378752e-05
0.0021711254958063364,1.0,0.0020883602555841208,1.0,9.999999747378752e-05
0.002161781070753932,1.0,0.0020804160740226507,1.0,9.999999747378752e-05
0.0021531314123421907,1.0,0.0020719089079648256,1.0,9.999999747378752e-05
0.002143644029274583,1.0,0.0020634967368096113,1.0,9.999999747378752e-05
0.002135109854862094,1.0,0.0020530899055302143,1.0,9.999999747378752e-05
0.0021302138920873404,1.0,0.0020419182255864143,1.0,9.999999747378752e-05
0.00211580959148705,1.0,0.0020345693919807673,1.0,9.999999747378752e-05
0.002108340384438634,1.0,0.002027215203270316,1.0,9.999999747378752e-05
0.0020979323890060186,1.0,0.002017292659729719,1.0,9.999999747378752e-05
0.0020883120596408844,1.0,0.0020091505721211433,1.0,9.999999747378752e-05
0.0020800866186618805,1.0,0.0020012047607451677,1.0,9.999999747378752e-05
0.002070842543616891,1.0,0.0019921157509088516,1.0,9.999999747378752e-05
0.0020607714541256428,1.0,0.0019836637657135725,1.0,9.999999747378752e-05
0.002052788622677326,1.0,0.0019754443783313036,1.0,9.999999747378752e-05
0.0020469576120376587,1.0,0.001966408221051097,1.0,9.999999747378752e-05
0.0020358897745609283,1.0,0.001958118285983801,1.0,9.999999747378752e-05
0.002028112066909671,1.0,0.001950385165400803,1.0,9.999999747378752e-05
0.0020187622867524624,1.0,0.0019421279430389404,1.0,9.999999747378752e-05
0.0020088274031877518,1.0,0.0019328887574374676,1.0,9.999999747378752e-05
0.002000316744670272,1.0,0.0019246587762609124,1.0,9.999999747378752e-05
0.00199185311794281,1.0,0.0019164902623742819,1.0,9.999999747378752e-05
0.0019840251188725233,1.0,0.0019079766934737563,1.0,9.999999747378752e-05
0.0019762853626161814,1.0,0.0018992583500221372,1.0,9.999999747378752e-05
0.001967718591913581,1.0,0.0018916444387286901,1.0,9.999999747378752e-05
0.001958730397745967,1.0,0.0018846243619918823,1.0,9.999999747378752e-05
0.0019500592024996877,1.0,0.0018771967152133584,1.0,9.999999747378752e-05
0.0019457312300801277,1.0,0.0018671286525204778,1.0,9.999999747378752e-05
0.001934320549480617,1.0,0.0018595501314848661,1.0,9.999999747378752e-05
0.0019247066229581833,1.0,0.0018518866272643209,1.0,9.999999747378752e-05
0.0019186483696103096,1.0,0.0018457341939210892,1.0,9.999999747378752e-05
0.0019095289753749967,1.0,0.001837793504819274,1.0,9.999999747378752e-05
0.0019008731469511986,1.0,0.001828961307182908,1.0,9.999999747378752e-05
0.0018925225595012307,1.0,0.0018212416907772422,1.0,9.999999747378752e-05
0.0018863632576540112,1.0,0.001813723472878337,1.0,9.999999747378752e-05
0.0018768265144899487,1.0,0.0018059872090816498,1.0,9.999999747378752e-05
0.001868955441750586,1.0,0.0017975845839828253,1.0,9.999999747378752e-05
0.001864503719843924,1.0,0.001791663933545351,1.0,9.999999747378752e-05
0.0018525483319535851,1.0,0.001782797509804368,1.0,9.999999747378752e-05
0.0018460210412740707,1.0,0.001774124102666974,1.0,9.999999747378752e-05
0.0018434167141094804,1.0,0.0017652029637247324,1.0,9.999999747378752e-05
0.001832027337513864,1.0,0.0017578706610947847,1.0,9.999999747378752e-05
0.0018224542727693915,1.0,0.001751693314872682,1.0,9.999999747378752e-05
0.0018161541083827615,1.0,0.0017456593923270702,1.0,9.999999747378752e-05
0.0018071954837068915,1.0,0.001737936050631106,1.0,9.999999747378752e-05
0.0017993430374190211,1.0,0.001730698044411838,1.0,9.999999747378752e-05
0.0017923148116096854,1.0,0.0017244857735931873,1.0,9.999999747378752e-05
0.0017843564273789525,1.0,0.0017163582378998399,1.0,9.999999747378752e-05
0.0017773262225091457,1.0,0.0017082334961742163,1.0,9.999999747378752e-05
0.0017703071935102344,1.0,0.0017019177321344614,1.0,9.999999747378752e-05
0.0017616748809814453,1.0,0.0016948868287727237,1.0,9.999999747378752e-05
0.0017553633078932762,1.0,0.0016869354294613004,1.0,9.999999747378752e-05
0.0017470807069912553,1.0,0.001680035493336618,1.0,9.999999747378752e-05
0.0017403056845068932,1.0,0.0016733810771256685,1.0,9.999999747378752e-05
0.0017342724604532123,1.0,0.0016655147774145007,1.0,9.999999747378752e-05
0.0017270901007577777,1.0,0.001660118461586535,1.0,9.999999747378752e-05
0.0017179296119138598,1.0,0.001653193961828947,1.0,9.999999747378752e-05
0.0017118580872192979,1.0,0.0016472232528030872,1.0,9.999999747378752e-05
0.0017053360352292657,1.0,0.0016397166764363647,1.0,9.999999747378752e-05
0.0016968081472441554,1.0,0.0016321222065016627,1.0,9.999999747378752e-05
0.0016910769045352936,1.0,0.001624109223484993,1.0,9.999999747378752e-05
0.0016826401697471738,1.0,0.0016185612184926867,1.0,9.999999747378752e-05
0.0016760569997131824,1.0,0.0016112965531647205,1.0,9.999999747378752e-05
0.0016686576418578625,1.0,0.0016056301537901163,1.0,9.999999747378752e-05
0.0016618667868897319,1.0,0.001598644652403891,1.0,9.999999747378752e-05
0.0016550623113289475,1.0,0.0015921618323773146,1.0,9.999999747378752e-05
0.0016505783423781395,1.0,0.0015838488470762968,1.0,9.999999747378752e-05
0.0016422225162386894,1.0,0.0015785840805619955,1.0,9.999999747378752e-05
0.0016349619254469872,1.0,0.0015714894980192184,1.0,9.999999747378752e-05
0.0016276221722364426,1.0,0.001564975711517036,1.0,9.999999747378752e-05
0.0016209115274250507,1.0,0.0015585582004860044,1.0,9.999999747378752e-05
0.001614488079212606,1.0,0.001552012050524354,1.0,9.999999747378752e-05
0.0016085673123598099,1.0,0.0015451571671292186,1.0,9.999999747378752e-05
0.0016010726103559136,1.0,0.0015399851836264133,1.0,9.999999747378752e-05
0.00159430259373039,1.0,0.0015330382157117128,1.0,9.999999747378752e-05
0.0015882657608017325,1.0,0.0015261914813891053,1.0,9.999999747378752e-05
0.0015816461527720094,1.0,0.0015206875978037715,1.0,9.999999747378752e-05
0.0015739559894427657,1.0,0.0015151607804000378,1.0,9.999999747378752e-05
0.0015675892354920506,1.0,0.0015085376799106598,1.0,9.999999747378752e-05
0.0015620728954672813,1.0,0.001501537743024528,1.0,9.999999747378752e-05
0.0015571784460917115,1.0,0.0014955576043576002,1.0,9.999999747378752e-05
0.0015497440472245216,1.0,0.0014904836425557733,1.0,9.999999747378752e-05
0.0015458507696166635,1.0,0.0014821157092228532,1.0,9.999999747378752e-05
0.0015376264927908778,1.0,0.001476875739172101,1.0,9.999999747378752e-05
0.001529922359623015,1.0,0.0014711463591083884,1.0,9.999999747378752e-05
0.0015239804051816463,1.0,0.001463995547965169,1.0,9.999999747378752e-05
0.001517697237432003,1.0,0.0014585416065528989,1.0,9.999999747378752e-05
0.0015113599365577102,1.0,0.0014528966275975108,1.0,9.999999747378752e-05
0.0015036974800750613,1.0,0.0014471003087237477,1.0,9.999999747378752e-05
0.00149895204231143,1.0,0.0014410970034077764,1.0,9.999999747378752e-05
0.001496859360486269,1.0,0.0014335702871903777,1.0,9.999999747378752e-05
0.0014855914050713181,1.0,0.0014283891068771482,1.0,9.999999747378752e-05
0.0014803701778873801,1.0,0.0014230527449399233,1.0,9.999999747378752e-05
0.001474270480684936,1.0,0.0014177779667079449,1.0,9.999999747378752e-05
0.001467623864300549,1.0,0.001412302372045815,1.0,9.999999747378752e-05
0.0014628987992182374,1.0,0.001405994757078588,1.0,9.999999747378752e-05
0.0014554668450728059,1.0,0.0014001404633745551,1.0,9.999999747378752e-05
0.0014496621442958713,1.0,0.0013951435685157776,1.0,9.999999747378752e-05
0.0014453261392191052,1.0,0.0013883060310035944,1.0,9.999999747378752e-05
0.0014379494823515415,1.0,0.0013830990064889193,1.0,9.999999747378752e-05
0.001433097175322473,1.0,0.0013777046697214246,1.0,9.999999747378752e-05
0.001428227056749165,1.0,0.0013709445483982563,1.0,9.999999747378752e-05
0.0014216843992471695,1.0,0.00136474275495857,1.0,9.999999747378752e-05
0.0014140279963612556,1.0,0.0013599214144051075,1.0,9.999999747378752e-05
0.0014103930443525314,1.0,0.0013557032216340303,1.0,9.999999747378752e-05
0.0014037297805771232,1.0,0.0013494292506948113,1.0,9.999999747378752e-05
0.0013977083144709468,1.0,0.001344154356047511,1.0,9.999999747378752e-05
0.0013915495947003365,1.0,0.001339368405751884,1.0,9.999999747378752e-05
0.0013859585160389543,1.0,0.0013334628893062472,1.0,9.999999747378752e-05
0.0013813666300848126,1.0,0.001328822923824191,1.0,9.999999747378752e-05
0.0013751689111813903,1.0,0.0013228652533143759,1.0,9.999999747378752e-05
0.0013700990239158273,1.0,0.001316850888542831,1.0,9.999999747378752e-05
0.0013638107338920236,1.0,0.001312055392190814,1.0,9.999999747378752e-05
0.0013587726280093193,1.0,0.0013065694365650415,1.0,9.999999747378752e-05
0.0013537682825699449,1.0,0.001300181495025754,1.0,9.999999747378752e-05
0.0013471265556290746,1.0,0.0012948475778102875,1.0,9.999999747378752e-05
0.001342065050266683,1.0,0.0012899530120193958,1.0,9.999999747378752e-05
0.001337068504653871,1.0,0.0012852634536102414,1.0,9.999999747378752e-05
0.0013328660279512405,1.0,0.0012812018394470215,1.0,9.999999747378752e-05
0.001325251185335219,1.0,0.0012753392802551389,1.0,9.999999747378752e-05
0.0013199727982282639,1.0,0.001269931555725634,1.0,9.999999747378752e-05
0.0013147309655323625,1.0,0.0012647625990211964,1.0,9.999999747378752e-05
0.0013100249925628304,1.0,0.0012589063262566924,1.0,9.999999747378752e-05
0.001304551144130528,1.0,0.0012537989532575011,1.0,9.999999747378752e-05
0.001299001625739038,1.0,0.001248993445187807,1.0,9.999999747378752e-05
0.0012935191625729203,1.0,0.0012445214670151472,1.0,9.999999747378752e-05
0.0012906035408377647,1.0,0.0012407931499183178,1.0,9.999999747378752e-05
0.001283783814869821,1.0,0.0012346265139058232,1.0,9.999999747378752e-05
0.0012786603765562177,1.0,0.001228999113664031,1.0,9.999999747378752e-05
0.0012728298315778375,1.0,0.0012240451760590076,1.0,9.999999747378752e-05
0.0012679834617301822,1.0,0.0012195341987535357,1.0,9.999999747378752e-05
0.0012627363903447986,1.0,0.001214193762280047,1.0,9.999999747378752e-05
0.0012580374022945762,1.0,0.0012087698560208082,1.0,9.999999747378752e-05
0.0012522557517513633,1.0,0.0012044442119076848,1.0,9.999999747378752e-05
0.001250484143383801,1.0,0.00120106665417552,1.0,9.999999747378752e-05
0.0012434384552761912,1.0,0.001195041462779045,1.0,9.999999747378752e-05
0.0012379109393805265,1.0,0.0011905503924936056,1.0,9.999999747378752e-05
0.0012327271979302168,1.0,0.0011851618764922023,1.0,9.999999747378752e-05
0.0012277556816115975,1.0,0.0011803943198174238,1.0,9.999999747378752e-05
0.0012228786945343018,1.0,0.0011754741426557302,1.0,9.999999747378752e-05
0.0012181064812466502,1.0,0.0011707397643476725,1.0,9.999999747378752e-05
0.0012123483465984464,1.0,0.001166552770882845,1.0,9.999999747378752e-05
0.0012086895294487476,1.0,0.0011612980160862207,1.0,9.999999747378752e-05
0.001203806372359395,1.0,0.0011564173037186265,1.0,9.999999747378752e-05
0.0011993068037554622,1.0,0.001151705626398325,1.0,9.999999747378752e-05
0.0011933064088225365,1.0,0.0011476502986624837,1.0,9.999999747378752e-05
0.0011888262815773487,1.0,0.0011433300096541643,1.0,9.999999747378752e-05
0.0011855857446789742,1.0,0.0011398248607292771,1.0,9.999999747378752e-05
0.0011794830206781626,1.0,0.0011354665039107203,1.0,9.999999747378752e-05
0.001175031065940857,1.0,0.0011302476050332189,1.0,9.999999747378752e-05
0.001169858267530799,1.0,0.001125978771597147,1.0,9.999999747378752e-05
0.001165524241514504,1.0,0.0011210939846932888,1.0,9.999999747378752e-05
0.0011616729898378253,1.0,0.0011158905690535903,1.0,9.999999747378752e-05
0.0011589220957830548,1.0,0.001112543512135744,1.0,9.999999747378752e-05
0.0011549352202564478,1.0,0.001106667099520564,1.0,9.999999747378752e-05
0.0011469044256955385,1.0,0.0011025972198694944,1.0,9.999999747378752e-05
0.0011421729577705264,1.0,0.001098336768336594,1.0,9.999999747378752e-05
0.0011379088973626494,1.0,0.0010940985521301627,1.0,9.999999747378752e-05
0.001133721205405891,1.0,0.0010896233143284917,1.0,9.999999747378752e-05
0.001128912321291864,1.0,0.0010859246831387281,1.0,9.999999747378752e-05
0.0011240089079365134,1.0,0.0010817950824275613,1.0,9.999999747378752e-05
0.001120863831602037,1.0,0.0010782985482364893,1.0,9.999999747378752e-05
0.0011160509893670678,1.0,0.0010734759271144867,1.0,9.999999747378752e-05
0.0011115609668195248,1.0,0.0010693810181692243,1.0,9.999999747378752e-05
0.001106692012399435,1.0,0.001064600539393723,1.0,9.999999747378752e-05
0.0011031606700271368,1.0,0.0010597072541713715,1.0,9.999999747378752e-05
0.0010982066160067916,1.0,0.001055789296515286,1.0,9.999999747378752e-05
0.0010931417346000671,1.0,0.0010517305927351117,1.0,9.999999747378752e-05
0.0010901857167482376,1.0,0.0010484225349500775,1.0,9.999999747378752e-05
0.0010859319008886814,1.0,0.0010445130756124854,1.0,9.999999747378752e-05
0.0010807886719703674,1.0,0.0010401845211163163,1.0,9.999999747378752e-05
0.0010766894556581974,1.0,0.0010358401341363788,1.0,9.999999747378752e-05
0.0010728408815339208,1.0,0.0010310432408005,1.0,9.999999747378752e-05
0.001068111858330667,1.0,0.0010271462379023433,1.0,9.999999747378752e-05
0.0010638132225722075,1.0,0.0010227822931483388,1.0,9.999999747378752e-05
0.0010599634842947125,1.0,0.0010186582803726196,1.0,9.999999747378752e-05
0.0010575955966487527,1.0,0.0010156218195334077,1.0,9.999999747378752e-05
0.0010519048664718866,1.0,0.0010123731335625052,1.0,9.999999747378752e-05
0.0010471940040588379,1.0,0.0010073799639940262,1.0,9.999999747378752e-05
0.0010429522953927517,1.0,0.0010028340620920062,1.0,9.999999747378752e-05
0.001038928865455091,1.0,0.0009989856043830514,1.0,9.999999747378752e-05
0.0010347809875383973,1.0,0.0009947282960638404,1.0,9.999999747378752e-05
0.0010309144854545593,1.0,0.0009911268716678023,1.0,9.999999747378752e-05
0.0010262442519888282,1.0,0.0009870677022263408,1.0,9.999999747378752e-05
0.001022493583150208,1.0,0.0009835184318944812,1.0,9.999999747378752e-05
0.0010193452471867204,1.0,0.0009790504118427634,1.0,9.999999747378752e-05
0.001016199472360313,1.0,0.0009747341391630471,1.0,9.999999747378752e-05
0.001009999425150454,1.0,0.0009716639178805053,1.0,9.999999747378752e-05
0.0010066299000754952,1.0,0.0009682573727332056,1.0,9.999999747378752e-05
0.001002542208880186,1.0,0.0009644709643907845,1.0,9.999999747378752e-05
0.000998853356577456,1.0,0.0009607634274289012,1.0,9.999999747378752e-05
0.0009948539081960917,1.0,0.0009566607186570764,1.0,9.999999747378752e-05
0.0009905219776555896,1.0,0.0009532126132398844,1.0,9.999999747378752e-05
0.000987051404081285,1.0,0.0009494621772319078,1.0,9.999999747378752e-05
